50  336
1 34 0.55
34 1 0.68
40 1 0.77
1 40 0.55
1 43 0.55
43 1 0.6
1 46 0.55
46 1 0.5
2 11 0.77
11 2 0.47
2 20 0.77
20 2 0.4
33 2 0.67
2 33 0.77
9 4 0.43
4 9 0.53
4 21 0.53
21 4 0.6
4 38 0.53
38 4 0.55
9 5 0.43
5 9 0.6
10 5 0.72
5 10 0.6
11 5 0.47
5 11 0.6
12 5 0.83
5 12 0.6
13 5 0.65
5 13 0.6
16 5 0.52
5 16 0.6
18 5 0.48
5 18 0.6
20 5 0.4
5 20 0.6
21 5 0.6
5 21 0.6
26 5 0.8
5 26 0.6
27 5 0.68
5 27 0.6
5 30 0.6
30 5 0.58
33 5 0.67
5 33 0.6
34 5 0.68
5 34 0.6
36 5 0.95
5 36 0.6
37 5 0.78
5 37 0.6
5 38 0.6
38 5 0.55
40 5 0.77
5 40 0.6
43 5 0.6
5 43 0.6
44 5 0.7
5 44 0.6
45 5 0.65
5 45 0.6
48 5 0.27
5 48 0.6
50 5 0.83
5 50 0.6
40 6 0.77
6 40 0.28
46 6 0.5
6 46 0.28
18 7 0.48
7 18 0.93
8 18 0.33
18 8 0.48
9 11 0.43
11 9 0.47
9 17 0.43
17 9 0.52
9 18 0.43
18 9 0.48
9 21 0.43
21 9 0.6
9 33 0.43
33 9 0.67
9 36 0.43
36 9 0.95
9 37 0.43
37 9 0.78
9 38 0.43
38 9 0.55
9 39 0.43
39 9 0.57
40 9 0.77
9 40 0.43
9 43 0.43
43 9 0.6
48 9 0.27
9 48 0.43
11 12 0.47
12 11 0.83
11 13 0.47
13 11 0.65
16 11 0.52
11 16 0.47
18 11 0.48
11 18 0.47
11 20 0.47
20 11 0.4
11 21 0.47
21 11 0.6
11 23 0.47
23 11 0.35
26 11 0.8
11 26 0.47
27 11 0.68
11 27 0.47
11 29 0.47
29 11 0.5
11 30 0.47
30 11 0.58
33 11 0.67
11 33 0.47
34 11 0.68
11 34 0.47
11 36 0.47
36 11 0.95
11 37 0.47
37 11 0.78
11 38 0.47
38 11 0.55
40 11 0.77
11 40 0.47
11 44 0.47
44 11 0.7
11 45 0.47
45 11 0.65
48 11 0.27
11 48 0.47
17 12 0.52
12 17 0.83
18 12 0.48
12 18 0.83
12 21 0.83
21 12 0.6
33 12 0.67
12 33 0.83
40 12 0.77
12 40 0.83
43 12 0.6
12 43 0.83
12 46 0.83
46 12 0.5
17 13 0.52
13 17 0.65
20 13 0.4
13 20 0.65
21 13 0.6
13 21 0.65
33 13 0.67
13 33 0.65
40 13 0.77
13 40 0.65
43 13 0.6
13 43 0.65
21 14 0.6
14 21 0.3
16 18 0.52
18 16 0.48
16 21 0.52
21 16 0.6
16 33 0.52
33 16 0.67
16 40 0.52
40 16 0.77
16 43 0.52
43 16 0.6
17 18 0.52
18 17 0.48
17 20 0.52
20 17 0.4
17 21 0.52
21 17 0.6
17 26 0.52
26 17 0.8
17 33 0.52
33 17 0.67
17 36 0.52
36 17 0.95
17 38 0.52
38 17 0.55
17 44 0.52
44 17 0.7
48 17 0.27
17 48 0.52
18 21 0.48
21 18 0.6
33 18 0.67
18 33 0.48
18 36 0.48
36 18 0.95
18 38 0.48
38 18 0.55
40 18 0.77
18 40 0.48
18 43 0.48
43 18 0.6
18 44 0.48
44 18 0.7
48 18 0.27
18 48 0.48
18 50 0.48
50 18 0.83
33 20 0.67
20 33 0.4
34 20 0.68
20 34 0.4
20 38 0.4
38 20 0.55
21 23 0.6
23 21 0.35
26 21 0.8
21 26 0.6
27 21 0.68
21 27 0.6
21 30 0.6
30 21 0.58
33 21 0.67
21 33 0.6
34 21 0.68
21 34 0.6
37 21 0.78
21 37 0.6
21 38 0.6
38 21 0.55
21 39 0.6
39 21 0.57
40 21 0.77
21 40 0.6
44 21 0.7
21 44 0.6
45 21 0.65
21 45 0.6
48 21 0.27
21 48 0.6
49 21 0.55
21 49 0.6
50 21 0.83
21 50 0.6
24 37 0.57
37 24 0.78
33 26 0.67
26 33 0.8
40 26 0.77
26 40 0.8
26 43 0.8
43 26 0.6
26 46 0.8
46 26 0.5
43 29 0.6
29 43 0.5
40 30 0.77
30 40 0.58
32 40 0.4
40 32 0.77
32 43 0.4
43 32 0.6
33 34 0.67
34 33 0.68
33 36 0.67
36 33 0.95
33 37 0.67
37 33 0.78
33 38 0.67
38 33 0.55
40 33 0.77
33 40 0.67
33 44 0.67
44 33 0.7
33 45 0.67
45 33 0.65
48 33 0.27
33 48 0.67
40 34 0.77
34 40 0.68
34 43 0.68
43 34 0.6
34 45 0.68
45 34 0.65
36 37 0.95
37 36 0.78
36 38 0.95
38 36 0.55
43 36 0.6
36 43 0.95
48 36 0.27
36 48 0.95
37 38 0.78
38 37 0.55
40 37 0.77
37 40 0.78
48 37 0.27
37 48 0.78
38 39 0.55
39 38 0.57
40 38 0.77
38 40 0.55
43 38 0.6
38 43 0.55
38 47 0.55
47 38 0.73
48 38 0.27
38 48 0.55
40 43 0.77
43 40 0.6
40 44 0.77
44 40 0.7
40 45 0.77
45 40 0.65
40 46 0.77
46 40 0.5
40 48 0.77
48 40 0.27
40 50 0.77
50 40 0.83
43 44 0.6
44 43 0.7
43 45 0.6
45 43 0.65
48 43 0.27
43 48 0.6
50 43 0.83
43 50 0.6
44 46 0.7
46 44 0.5
48 47 0.27
47 48 0.73
