30  64
1 6 0.32
6 1 0.82
1 10 0.32
10 1 0.15
1 13 0.32
13 1 0.6
1 14 0.32
14 1 0.22
1 17 0.32
17 1 0.53
1 18 0.32
18 1 0.68
1 20 0.32
20 1 0.8
1 21 0.32
21 1 0.43
24 1 0.42
1 24 0.32
1 25 0.32
25 1 0.68
1 26 0.32
26 1 0.87
5 15 0.37
15 5 0.53
9 6 0.6
6 9 0.82
6 14 0.82
14 6 0.22
18 6 0.68
6 18 0.82
20 6 0.8
6 20 0.82
10 20 0.15
20 10 0.8
24 10 0.42
10 24 0.15
10 28 0.15
28 10 0.43
27 13 0.43
13 27 0.6
18 14 0.68
14 18 0.22
24 14 0.42
14 24 0.22
17 18 0.53
18 17 0.68
17 28 0.53
28 17 0.43
18 20 0.68
20 18 0.8
24 18 0.42
18 24 0.68
25 18 0.68
18 25 0.68
18 26 0.68
26 18 0.87
18 28 0.68
28 18 0.43
25 20 0.68
20 25 0.8
26 20 0.87
20 26 0.8
25 28 0.68
28 25 0.43
