30  60
1 17 0.65
17 1 0.9
17 2 0.9
2 17 0.4
17 3 0.9
3 17 0.62
21 6 0.4
6 21 0.48
17 7 0.9
7 17 0.4
8 21 0.6
21 8 0.4
8 23 0.6
23 8 0.42
9 18 0.48
18 9 0.7
9 28 0.48
28 9 0.38
17 12 0.9
12 17 0.4
12 23 0.4
23 12 0.42
12 30 0.4
30 12 0.6
17 13 0.9
13 17 0.45
18 13 0.7
13 18 0.45
21 13 0.4
13 21 0.45
24 13 0.45
13 24 0.45
17 14 0.9
14 17 0.75
27 14 0.95
14 27 0.75
17 19 0.9
19 17 0.25
17 22 0.9
22 17 0.47
24 17 0.45
17 24 0.9
17 29 0.9
29 17 0.73
17 30 0.9
30 17 0.6
18 21 0.7
21 18 0.4
24 18 0.45
18 24 0.7
24 21 0.45
21 24 0.4
27 21 0.95
21 27 0.4
27 23 0.95
23 27 0.42
30 23 0.6
23 30 0.42
24 25 0.45
25 24 0.7
