40  100
1 6 0.6
6 1 0.63
1 10 0.6
10 1 0.73
1 12 0.6
12 1 0.88
1 15 0.6
15 1 0.83
1 20 0.6
20 1 0.5
2 5 0.3
5 2 0.25
2 6 0.3
6 2 0.63
9 2 0.47
2 9 0.3
2 12 0.3
12 2 0.88
2 28 0.3
28 2 0.53
2 31 0.3
31 2 0.55
32 2 0.32
2 32 0.3
12 5 0.88
5 12 0.25
5 31 0.25
31 5 0.55
11 6 0.37
6 11 0.63
17 6 0.6
6 17 0.63
18 6 0.63
6 18 0.63
6 22 0.63
22 6 0.53
6 23 0.63
23 6 0.47
6 31 0.63
31 6 0.55
32 6 0.32
6 32 0.63
33 6 0.67
6 33 0.63
12 7 0.88
7 12 0.6
18 7 0.63
7 18 0.6
9 22 0.47
22 9 0.53
9 23 0.47
23 9 0.47
9 31 0.47
31 9 0.55
32 9 0.32
9 32 0.47
10 12 0.73
12 10 0.88
12 15 0.88
15 12 0.83
16 12 0.38
12 16 0.88
17 12 0.6
12 17 0.88
18 12 0.63
12 18 0.88
12 20 0.88
20 12 0.5
12 23 0.88
23 12 0.47
12 29 0.88
29 12 0.35
12 31 0.88
31 12 0.55
33 12 0.67
12 33 0.88
12 37 0.88
37 12 0.43
22 15 0.53
15 22 0.83
17 31 0.6
31 17 0.55
32 17 0.32
17 32 0.6
40 17 0.65
17 40 0.6
25 22 0.33
22 25 0.53
22 31 0.53
31 22 0.55
33 22 0.67
22 33 0.53
40 22 0.65
22 40 0.53
26 35 0.15
35 26 0.28
28 31 0.53
31 28 0.55
37 31 0.43
31 37 0.55
