40  152
19 3 0.62
3 19 0.7
3 28 0.7
28 3 0.5
9 4 0.92
4 9 0.65
19 4 0.62
4 19 0.65
26 4 0.37
4 26 0.65
4 28 0.65
28 4 0.5
4 30 0.65
30 4 0.37
34 4 0.67
4 34 0.65
4 36 0.65
36 4 0.48
4 38 0.65
38 4 0.53
4 39 0.65
39 4 0.58
19 6 0.62
6 19 0.32
28 6 0.5
6 28 0.32
19 7 0.62
7 19 0.37
28 7 0.5
7 28 0.37
8 14 0.38
14 8 0.28
8 18 0.38
18 8 0.37
8 19 0.38
19 8 0.62
8 28 0.38
28 8 0.5
16 9 0.42
9 16 0.92
9 28 0.92
28 9 0.5
9 30 0.92
30 9 0.37
9 34 0.92
34 9 0.67
9 36 0.92
36 9 0.48
10 14 0.88
14 10 0.28
10 18 0.88
18 10 0.37
10 19 0.88
19 10 0.62
10 28 0.88
28 10 0.5
17 12 0.52
12 17 0.55
19 12 0.62
12 19 0.55
12 28 0.55
28 12 0.5
35 12 0.3
12 35 0.55
19 13 0.62
13 19 0.67
16 26 0.42
26 16 0.37
16 38 0.42
38 16 0.53
17 19 0.52
19 17 0.62
17 28 0.52
28 17 0.5
17 31 0.52
31 17 0.3
17 35 0.52
35 17 0.3
19 20 0.62
20 19 0.2
19 21 0.62
21 19 0.55
24 19 0.67
19 24 0.62
26 19 0.37
19 26 0.62
19 28 0.62
28 19 0.5
19 30 0.62
30 19 0.37
19 31 0.62
31 19 0.3
34 19 0.67
19 34 0.62
19 36 0.62
36 19 0.48
19 37 0.62
37 19 0.67
19 38 0.62
38 19 0.53
19 39 0.62
39 19 0.58
40 19 0.33
19 40 0.62
24 28 0.67
28 24 0.5
26 30 0.37
30 26 0.37
26 34 0.37
34 26 0.67
26 36 0.37
36 26 0.48
26 38 0.37
38 26 0.53
26 39 0.37
39 26 0.58
28 30 0.5
30 28 0.37
28 31 0.5
31 28 0.3
32 28 0.55
28 32 0.5
28 36 0.5
36 28 0.48
28 38 0.5
38 28 0.53
28 39 0.5
39 28 0.58
34 30 0.67
30 34 0.37
36 30 0.48
30 36 0.37
38 30 0.53
30 38 0.37
30 39 0.37
39 30 0.58
33 31 0.52
31 33 0.3
35 31 0.3
31 35 0.3
34 36 0.67
36 34 0.48
34 38 0.67
38 34 0.53
34 39 0.67
39 34 0.58
36 38 0.48
38 36 0.53
36 39 0.48
39 36 0.58
38 39 0.53
39 38 0.58
