40  64
1 2 0.82
2 1 0.47
8 1 0.55
1 8 0.82
24 1 0.47
1 24 0.82
8 2 0.55
2 8 0.47
9 2 0.47
2 9 0.47
2 11 0.47
11 2 0.25
17 2 0.77
2 17 0.47
24 2 0.47
2 24 0.47
2 26 0.47
26 2 0.42
2 31 0.47
31 2 0.58
33 2 0.48
2 33 0.47
2 34 0.47
34 2 0.73
2 39 0.47
39 2 0.77
8 11 0.55
11 8 0.25
8 17 0.55
17 8 0.77
8 24 0.55
24 8 0.47
8 26 0.55
26 8 0.42
8 31 0.55
31 8 0.58
8 33 0.55
33 8 0.48
8 39 0.55
39 8 0.77
24 11 0.47
11 24 0.25
24 13 0.47
13 24 0.78
26 13 0.42
13 26 0.78
13 39 0.78
39 13 0.77
24 17 0.47
17 24 0.77
24 18 0.47
18 24 0.35
24 19 0.47
19 24 0.25
24 26 0.47
26 24 0.42
24 33 0.47
33 24 0.48
24 34 0.47
34 24 0.73
24 39 0.47
39 24 0.77
26 39 0.42
39 26 0.77
