30  124
1 3 0.62
3 1 0.53
1 5 0.62
5 1 0.32
1 7 0.62
7 1 0.45
8 1 0.2
1 8 0.62
1 10 0.62
10 1 0.72
16 1 0.3
1 16 0.62
1 29 0.62
29 1 0.6
3 5 0.53
5 3 0.32
3 7 0.53
7 3 0.45
8 3 0.2
3 8 0.53
10 3 0.72
3 10 0.53
3 13 0.53
13 3 0.75
3 14 0.53
14 3 0.27
17 3 0.38
3 17 0.53
3 20 0.53
20 3 0.27
26 3 0.48
3 26 0.53
3 29 0.53
29 3 0.6
4 29 0.35
29 4 0.6
5 14 0.32
14 5 0.27
26 5 0.48
5 26 0.32
5 29 0.32
29 5 0.6
8 6 0.2
6 8 0.55
27 6 0.47
6 27 0.55
14 7 0.27
7 14 0.45
26 7 0.48
7 26 0.45
29 7 0.6
7 29 0.45
8 10 0.2
10 8 0.72
8 14 0.2
14 8 0.27
8 18 0.2
18 8 0.37
8 20 0.2
20 8 0.27
8 26 0.2
26 8 0.48
8 29 0.2
29 8 0.6
10 14 0.72
14 10 0.27
17 10 0.38
10 17 0.72
10 20 0.72
20 10 0.27
26 10 0.48
10 26 0.72
10 27 0.72
27 10 0.47
10 29 0.72
29 10 0.6
11 14 0.42
14 11 0.27
26 11 0.48
11 26 0.42
11 29 0.42
29 11 0.6
13 14 0.75
14 13 0.27
26 13 0.48
13 26 0.75
13 29 0.75
29 13 0.6
16 14 0.3
14 16 0.27
17 14 0.38
14 17 0.27
20 14 0.27
14 20 0.27
26 14 0.48
14 26 0.27
27 14 0.47
14 27 0.27
28 14 0.2
14 28 0.27
29 14 0.6
14 29 0.27
17 15 0.38
15 17 0.97
16 17 0.3
17 16 0.38
16 18 0.3
18 16 0.37
17 20 0.38
20 17 0.27
26 18 0.48
18 26 0.37
27 20 0.47
20 27 0.27
20 29 0.27
29 20 0.6
26 27 0.48
27 26 0.47
26 28 0.48
28 26 0.2
26 29 0.48
29 26 0.6
28 29 0.2
29 28 0.6
