50  104
9 25 0.53
25 9 0.4
9 39 0.53
39 9 0.68
9 45 0.53
45 9 0.45
16 11 0.23
11 16 0.53
11 38 0.53
38 11 0.25
45 14 0.45
14 45 0.32
16 22 0.23
22 16 0.38
16 25 0.23
25 16 0.4
16 26 0.23
26 16 0.33
16 30 0.23
30 16 0.27
16 33 0.23
33 16 0.42
16 38 0.23
38 16 0.25
16 39 0.23
39 16 0.68
16 41 0.23
41 16 0.63
16 42 0.23
42 16 0.85
16 45 0.23
45 16 0.45
16 47 0.23
47 16 0.23
16 49 0.23
49 16 0.35
16 50 0.23
50 16 0.32
17 30 0.65
30 17 0.27
17 38 0.65
38 17 0.25
17 45 0.65
45 17 0.45
25 22 0.4
22 25 0.38
22 30 0.38
30 22 0.27
38 22 0.25
22 38 0.38
22 39 0.38
39 22 0.68
42 22 0.85
22 42 0.38
45 22 0.45
22 45 0.38
32 25 0.52
25 32 0.4
25 38 0.4
38 25 0.25
25 39 0.4
39 25 0.68
25 42 0.4
42 25 0.85
25 45 0.4
45 25 0.45
26 38 0.33
38 26 0.25
26 45 0.33
45 26 0.45
38 30 0.25
30 38 0.27
30 39 0.27
39 30 0.68
32 38 0.52
38 32 0.25
32 45 0.52
45 32 0.45
33 38 0.42
38 33 0.25
35 39 0.4
39 35 0.68
38 39 0.25
39 38 0.68
41 38 0.63
38 41 0.25
42 38 0.85
38 42 0.25
45 38 0.45
38 45 0.25
38 47 0.25
47 38 0.23
50 38 0.32
38 50 0.25
42 39 0.85
39 42 0.68
45 39 0.45
39 45 0.68
42 45 0.85
45 42 0.45
49 45 0.35
45 49 0.45
50 45 0.32
45 50 0.45
