50  48
8 15 0.7
15 8 0.65
8 32 0.7
32 8 0.48
10 15 0.52
15 10 0.65
11 15 0.42
15 11 0.65
11 23 0.42
23 11 0.47
11 37 0.42
37 11 0.52
50 11 0.62
11 50 0.42
12 15 0.53
15 12 0.65
32 12 0.48
12 32 0.53
16 15 0.45
15 16 0.65
22 15 0.72
15 22 0.65
23 15 0.47
15 23 0.65
32 15 0.48
15 32 0.65
37 15 0.52
15 37 0.65
46 15 0.37
15 46 0.65
48 15 0.58
15 48 0.65
20 22 0.35
22 20 0.72
20 23 0.35
23 20 0.47
32 20 0.48
20 32 0.35
48 20 0.58
20 48 0.35
32 26 0.48
26 32 0.62
32 31 0.48
31 32 0.75
32 48 0.48
48 32 0.58
32 50 0.48
50 32 0.62
