50  76
3 22 0.5
22 3 0.63
3 23 0.5
23 3 0.32
3 31 0.5
31 3 0.53
40 3 0.45
3 40 0.5
49 3 0.82
3 49 0.5
4 31 0.62
31 4 0.53
35 4 0.35
4 35 0.62
49 4 0.82
4 49 0.62
8 12 0.5
12 8 0.48
8 20 0.5
20 8 0.45
8 31 0.5
31 8 0.53
8 35 0.5
35 8 0.35
8 42 0.5
42 8 0.58
8 49 0.5
49 8 0.82
11 31 0.25
31 11 0.53
49 11 0.82
11 49 0.25
12 20 0.48
20 12 0.45
49 12 0.82
12 49 0.48
14 31 0.58
31 14 0.53
49 14 0.82
14 49 0.58
17 20 0.4
20 17 0.45
20 31 0.45
31 20 0.53
49 20 0.82
20 49 0.45
22 31 0.63
31 22 0.53
40 22 0.45
22 40 0.63
49 22 0.82
22 49 0.63
31 23 0.53
23 31 0.32
49 23 0.82
23 49 0.32
26 29 0.37
29 26 0.32
40 29 0.45
29 40 0.32
49 29 0.82
29 49 0.32
40 31 0.45
31 40 0.53
41 31 0.22
31 41 0.53
49 31 0.82
31 49 0.53
33 49 0.53
49 33 0.82
40 49 0.45
49 40 0.82
41 49 0.22
49 41 0.82
49 43 0.82
43 49 0.53
