40  78
1 23 0.58
23 1 0.48
1 31 0.58
31 1 0.98
1 37 0.58
37 1 0.43
2 5 0.58
5 2 0.52
2 37 0.58
37 2 0.43
16 3 0.45
3 16 0.47
34 5 0.53
5 34 0.52
37 5 0.43
5 37 0.52
6 23 0.62
23 6 0.48
8 23 0.32
23 8 0.48
8 27 0.32
27 8 0.82
8 39 0.32
39 8 0.57
10 37 0.35
37 10 0.43
16 13 0.45
13 16 0.62
13 23 0.62
23 13 0.48
13 31 0.62
31 13 0.98
37 13 0.43
13 37 0.62
13 39 0.62
39 13 0.57
37 15 0.43
15 37 0.95
16 23 0.45
23 16 0.48
16 31 0.45
31 16 0.98
16 37 0.45
37 16 0.43
17 37 0.33
37 17 0.43
18 37 0.73
37 18 0.43
19 37 0.7
37 19 0.43
20 23 0.48
23 20 0.48
20 39 0.48
39 20 0.57
37 21 0.43
21 37 0.23
37 23 0.43
23 37 0.48
39 23 0.57
23 39 0.48
26 37 0.85
37 26 0.43
27 37 0.82
37 27 0.43
39 31 0.57
31 39 0.98
32 37 0.68
37 32 0.43
34 37 0.53
37 34 0.43
35 39 0.63
39 35 0.57
36 37 0.37
37 36 0.43
37 38 0.43
38 37 0.98
37 39 0.43
39 37 0.57
