40  134
1 13 0.53
13 1 0.55
1 21 0.53
21 1 0.85
1 23 0.53
23 1 0.32
1 27 0.53
27 1 0.3
1 39 0.53
39 1 0.68
10 3 0.88
3 10 0.72
3 13 0.72
13 3 0.55
3 14 0.72
14 3 0.65
3 15 0.72
15 3 0.68
3 21 0.72
21 3 0.85
27 3 0.3
3 27 0.72
4 21 0.22
21 4 0.85
4 23 0.22
23 4 0.32
13 5 0.55
5 13 0.68
21 5 0.85
5 21 0.68
5 23 0.68
23 5 0.32
13 7 0.55
7 13 0.58
17 7 0.83
7 17 0.58
27 7 0.3
7 27 0.58
30 7 0.52
7 30 0.58
34 7 0.37
7 34 0.58
38 7 0.35
7 38 0.58
40 7 0.32
7 40 0.58
8 23 0.78
23 8 0.32
9 13 0.45
13 9 0.55
17 10 0.83
10 17 0.88
10 23 0.88
23 10 0.32
10 36 0.88
36 10 0.73
11 23 0.53
23 11 0.32
13 14 0.55
14 13 0.65
16 13 0.32
13 16 0.55
17 13 0.83
13 17 0.55
21 13 0.85
13 21 0.55
13 23 0.55
23 13 0.32
28 13 0.48
13 28 0.55
13 30 0.55
30 13 0.52
33 13 0.4
13 33 0.55
34 13 0.37
13 34 0.55
36 13 0.73
13 36 0.55
37 13 0.42
13 37 0.55
13 38 0.55
38 13 0.35
40 13 0.32
13 40 0.55
14 23 0.65
23 14 0.32
17 15 0.83
15 17 0.68
23 15 0.32
15 23 0.68
36 15 0.73
15 36 0.68
16 21 0.32
21 16 0.85
17 21 0.83
21 17 0.85
17 23 0.83
23 17 0.32
17 39 0.83
39 17 0.68
21 23 0.85
23 21 0.32
26 21 0.8
21 26 0.85
28 21 0.48
21 28 0.85
21 30 0.85
30 21 0.52
35 21 0.67
21 35 0.85
36 21 0.73
21 36 0.85
37 21 0.42
21 37 0.85
22 39 0.45
39 22 0.68
26 23 0.8
23 26 0.32
28 23 0.48
23 28 0.32
30 23 0.52
23 30 0.32
34 23 0.37
23 34 0.32
36 23 0.73
23 36 0.32
37 23 0.42
23 37 0.32
40 23 0.32
23 40 0.32
26 39 0.8
39 26 0.68
34 39 0.37
39 34 0.68
