40  172
4 23 0.68
23 4 0.9
8 5 0.47
5 8 0.77
9 5 0.58
5 9 0.77
11 5 0.88
5 11 0.77
17 5 0.92
5 17 0.77
19 5 0.45
5 19 0.77
5 23 0.77
23 5 0.9
28 5 0.35
5 28 0.77
29 5 0.5
5 29 0.77
32 5 0.88
5 32 0.77
9 7 0.58
7 9 0.67
23 7 0.9
7 23 0.67
29 7 0.5
7 29 0.67
32 7 0.88
7 32 0.67
8 16 0.47
16 8 0.72
8 22 0.47
22 8 0.57
8 23 0.47
23 8 0.9
8 25 0.47
25 8 0.92
16 9 0.72
9 16 0.58
9 22 0.58
22 9 0.57
9 23 0.58
23 9 0.9
9 25 0.58
25 9 0.92
11 12 0.88
12 11 0.47
11 13 0.88
13 11 0.63
11 14 0.88
14 11 0.88
18 11 0.63
11 18 0.88
11 21 0.88
21 11 0.72
25 11 0.92
11 25 0.88
11 28 0.88
28 11 0.35
11 29 0.88
29 11 0.5
11 30 0.88
30 11 0.13
11 37 0.88
37 11 0.48
12 23 0.47
23 12 0.9
12 28 0.47
28 12 0.35
16 13 0.72
13 16 0.63
21 13 0.72
13 21 0.63
13 22 0.63
22 13 0.57
13 23 0.63
23 13 0.9
28 13 0.35
13 28 0.63
29 13 0.5
13 29 0.63
13 39 0.63
39 13 0.57
14 23 0.88
23 14 0.9
28 14 0.35
14 28 0.88
14 30 0.88
30 14 0.13
16 17 0.72
17 16 0.92
16 21 0.72
21 16 0.72
16 22 0.72
22 16 0.57
16 28 0.72
28 16 0.35
16 32 0.72
32 16 0.88
16 39 0.72
39 16 0.57
17 22 0.92
22 17 0.57
17 23 0.92
23 17 0.9
17 25 0.92
25 17 0.92
18 28 0.63
28 18 0.35
18 29 0.63
29 18 0.5
21 22 0.72
22 21 0.57
21 23 0.72
23 21 0.9
28 21 0.35
21 28 0.72
29 21 0.5
21 29 0.72
21 39 0.72
39 21 0.57
22 23 0.57
23 22 0.9
28 22 0.35
22 28 0.57
29 22 0.5
22 29 0.57
32 22 0.88
22 32 0.57
22 39 0.57
39 22 0.57
24 23 0.25
23 24 0.9
25 23 0.92
23 25 0.9
28 23 0.35
23 28 0.9
30 23 0.13
23 30 0.9
32 23 0.88
23 32 0.9
37 23 0.48
23 37 0.9
38 23 0.62
23 38 0.9
39 23 0.57
23 39 0.9
24 28 0.25
28 24 0.35
24 29 0.25
29 24 0.5
25 28 0.92
28 25 0.35
25 29 0.92
29 25 0.5
32 25 0.88
25 32 0.92
28 29 0.35
29 28 0.5
28 30 0.35
30 28 0.13
28 37 0.35
37 28 0.48
28 39 0.35
39 28 0.57
29 30 0.5
30 29 0.13
37 29 0.48
29 37 0.5
29 38 0.5
38 29 0.62
32 31 0.88
31 32 0.37
