40  110
1 36 0.4
36 1 0.4
2 11 0.93
11 2 0.43
16 2 0.27
2 16 0.93
11 3 0.43
3 11 0.6
16 3 0.27
3 16 0.6
17 3 0.38
3 17 0.6
16 6 0.27
6 16 0.55
11 7 0.43
7 11 0.65
16 7 0.27
7 16 0.65
27 7 0.8
7 27 0.65
34 7 0.38
7 34 0.65
39 7 0.67
7 39 0.65
11 12 0.43
12 11 0.3
11 13 0.43
13 11 0.82
17 11 0.38
11 17 0.43
18 11 0.65
11 18 0.43
25 11 0.8
11 25 0.43
27 11 0.8
11 27 0.43
11 30 0.43
30 11 0.3
32 11 0.65
11 32 0.43
33 11 0.55
11 33 0.43
11 37 0.43
37 11 0.38
11 39 0.43
39 11 0.67
16 12 0.27
12 16 0.3
17 12 0.38
12 17 0.3
16 13 0.27
13 16 0.82
17 13 0.38
13 17 0.82
18 13 0.65
13 18 0.82
20 13 0.48
13 20 0.82
35 13 0.65
13 35 0.82
36 13 0.4
13 36 0.82
16 17 0.27
17 16 0.38
16 18 0.27
18 16 0.65
16 24 0.27
24 16 0.67
16 25 0.27
25 16 0.8
16 27 0.27
27 16 0.8
16 29 0.27
29 16 0.6
16 30 0.27
30 16 0.3
16 32 0.27
32 16 0.65
16 33 0.27
33 16 0.55
16 34 0.27
34 16 0.38
16 38 0.27
38 16 0.38
16 39 0.27
39 16 0.67
24 17 0.67
17 24 0.38
17 30 0.38
30 17 0.3
32 17 0.65
17 32 0.38
17 37 0.38
37 17 0.38
18 37 0.65
37 18 0.38
18 38 0.65
38 18 0.38
19 36 0.58
36 19 0.4
34 27 0.38
27 34 0.8
27 39 0.8
39 27 0.67
33 39 0.55
39 33 0.67
34 39 0.38
39 34 0.67
40 38 0.85
38 40 0.38
