50  58
1 3 0.67
3 1 0.82
1 10 0.67
10 1 0.67
1 15 0.67
15 1 0.27
1 18 0.67
18 1 0.27
1 37 0.67
37 1 0.72
40 1 0.28
1 40 0.67
1 47 0.67
47 1 0.42
3 15 0.82
15 3 0.27
3 28 0.82
28 3 0.37
4 5 0.53
5 4 0.72
5 38 0.72
38 5 0.95
43 5 0.48
5 43 0.72
49 5 0.6
5 49 0.72
10 15 0.67
15 10 0.27
10 28 0.67
28 10 0.37
11 23 0.97
23 11 0.5
11 36 0.97
36 11 0.62
50 11 0.25
11 50 0.97
12 28 0.67
28 12 0.37
40 15 0.28
15 40 0.27
18 28 0.27
28 18 0.37
29 23 0.33
23 29 0.5
28 37 0.37
37 28 0.72
41 28 0.63
28 41 0.37
28 47 0.37
47 28 0.42
49 29 0.6
29 49 0.33
49 36 0.6
36 49 0.62
40 47 0.28
47 40 0.42
40 48 0.28
48 40 0.58
