50  104
2 19 0.62
19 2 0.82
3 23 0.47
23 3 0.63
19 4 0.82
4 19 0.5
21 5 0.32
5 21 0.25
24 6 0.57
6 24 0.55
38 6 0.65
6 38 0.55
41 6 0.97
6 41 0.55
43 6 0.82
6 43 0.55
50 6 0.53
6 50 0.55
9 12 0.45
12 9 0.13
9 13 0.45
13 9 0.62
9 19 0.45
19 9 0.82
32 9 0.65
9 32 0.45
10 19 0.25
19 10 0.82
12 13 0.13
13 12 0.62
19 12 0.82
12 19 0.13
32 12 0.65
12 32 0.13
13 23 0.62
23 13 0.63
32 13 0.65
13 32 0.62
19 15 0.82
15 19 0.67
16 19 0.58
19 16 0.82
16 27 0.58
27 16 0.45
17 19 0.47
19 17 0.82
18 38 0.25
38 18 0.65
18 44 0.25
44 18 0.97
18 50 0.25
50 18 0.53
24 19 0.57
19 24 0.82
26 19 0.72
19 26 0.82
27 19 0.45
19 27 0.82
19 29 0.82
29 19 0.33
19 30 0.82
30 19 0.4
32 19 0.65
19 32 0.82
35 19 0.65
19 35 0.82
19 38 0.82
38 19 0.65
42 19 0.6
19 42 0.82
43 19 0.82
19 43 0.82
19 46 0.82
46 19 0.48
50 19 0.53
19 50 0.82
20 44 0.3
44 20 0.97
27 21 0.45
21 27 0.32
24 33 0.57
33 24 0.43
24 34 0.57
34 24 0.48
33 38 0.43
38 33 0.65
33 41 0.43
41 33 0.97
33 43 0.43
43 33 0.82
33 50 0.43
50 33 0.53
41 34 0.97
34 41 0.48
34 43 0.48
43 34 0.82
34 50 0.48
50 34 0.53
41 39 0.97
39 41 0.35
50 39 0.53
39 50 0.35
40 50 0.6
50 40 0.53
