50  148
3 6 0.43
6 3 0.17
8 3 0.25
3 8 0.43
3 13 0.43
13 3 0.73
17 3 0.27
3 17 0.43
3 21 0.43
21 3 0.48
26 3 0.32
3 26 0.43
3 31 0.43
31 3 0.48
40 3 0.55
3 40 0.43
8 6 0.25
6 8 0.17
12 6 0.32
6 12 0.17
13 6 0.73
6 13 0.17
6 15 0.17
15 6 0.37
17 6 0.27
6 17 0.17
21 6 0.48
6 21 0.17
24 6 0.72
6 24 0.17
25 6 0.63
6 25 0.17
27 6 0.3
6 27 0.17
6 31 0.17
31 6 0.48
33 6 0.3
6 33 0.17
36 6 0.67
6 36 0.17
40 6 0.55
6 40 0.17
42 6 0.88
6 42 0.17
48 6 0.25
6 48 0.17
8 13 0.25
13 8 0.73
8 21 0.25
21 8 0.48
8 26 0.25
26 8 0.32
8 31 0.25
31 8 0.48
8 40 0.25
40 8 0.55
8 47 0.25
47 8 0.77
16 13 0.85
13 16 0.73
21 13 0.48
13 21 0.73
26 13 0.32
13 26 0.73
29 13 0.88
13 29 0.73
40 13 0.55
13 40 0.73
42 13 0.88
13 42 0.73
40 14 0.55
14 40 0.58
17 15 0.27
15 17 0.37
22 15 0.62
15 22 0.37
26 15 0.32
15 26 0.37
37 15 0.4
15 37 0.37
42 15 0.88
15 42 0.37
47 15 0.77
15 47 0.37
16 21 0.85
21 16 0.48
16 40 0.85
40 16 0.55
16 42 0.85
42 16 0.88
16 45 0.85
45 16 0.2
17 21 0.27
21 17 0.48
24 17 0.72
17 24 0.27
17 25 0.27
25 17 0.63
17 26 0.27
26 17 0.32
40 17 0.55
17 40 0.27
42 20 0.88
20 42 0.27
26 21 0.32
21 26 0.48
29 21 0.88
21 29 0.48
21 31 0.48
31 21 0.48
40 21 0.55
21 40 0.48
43 21 0.52
21 43 0.48
21 47 0.48
47 21 0.77
24 22 0.72
22 24 0.62
40 22 0.55
22 40 0.62
24 26 0.72
26 24 0.32
24 37 0.72
37 24 0.4
24 47 0.72
47 24 0.77
25 42 0.63
42 25 0.88
25 47 0.63
47 25 0.77
26 31 0.32
31 26 0.48
33 26 0.3
26 33 0.32
28 37 0.55
37 28 0.4
40 29 0.55
29 40 0.88
40 31 0.55
31 40 0.48
33 42 0.3
42 33 0.88
40 37 0.55
37 40 0.4
40 41 0.55
41 40 0.43
40 42 0.55
42 40 0.88
