40  62
5 30 0.58
30 5 0.42
11 7 0.53
7 11 0.62
12 7 0.85
7 12 0.62
14 7 0.18
7 14 0.62
18 7 0.93
7 18 0.62
19 7 0.32
7 19 0.62
24 7 0.88
7 24 0.62
29 7 0.3
7 29 0.62
30 7 0.42
7 30 0.62
31 7 0.77
7 31 0.62
39 7 0.33
7 39 0.62
40 7 0.47
7 40 0.62
18 11 0.93
11 18 0.53
26 11 0.53
11 26 0.53
26 12 0.53
12 26 0.85
27 12 0.23
12 27 0.85
18 26 0.93
26 18 0.53
18 31 0.93
31 18 0.77
18 37 0.93
37 18 0.37
18 39 0.93
39 18 0.33
40 18 0.47
18 40 0.93
24 19 0.88
19 24 0.32
26 19 0.53
19 26 0.32
40 19 0.47
19 40 0.32
22 39 0.65
39 22 0.33
24 40 0.88
40 24 0.47
26 29 0.53
29 26 0.3
26 30 0.53
30 26 0.42
40 26 0.47
26 40 0.53
27 39 0.23
39 27 0.33
29 31 0.3
31 29 0.77
