30  62
1 6 0.32
6 1 0.37
1 10 0.32
10 1 0.53
1 13 0.32
13 1 0.32
1 17 0.32
17 1 0.55
1 18 0.32
18 1 0.97
1 20 0.32
20 1 0.52
1 23 0.32
23 1 0.52
24 1 0.53
1 24 0.32
1 25 0.32
25 1 0.65
1 26 0.32
26 1 0.58
28 5 0.47
5 28 0.28
9 6 0.62
6 9 0.37
18 6 0.97
6 18 0.37
24 6 0.53
6 24 0.37
9 10 0.62
10 9 0.53
9 18 0.62
18 9 0.97
10 18 0.53
18 10 0.97
24 10 0.53
10 24 0.53
20 13 0.52
13 20 0.32
16 18 0.7
18 16 0.97
17 18 0.55
18 17 0.97
17 20 0.55
20 17 0.52
18 20 0.97
20 18 0.52
24 18 0.53
18 24 0.97
25 18 0.65
18 25 0.97
18 26 0.97
26 18 0.58
18 28 0.97
28 18 0.47
18 29 0.97
29 18 0.7
18 30 0.97
30 18 0.92
24 20 0.53
20 24 0.52
20 28 0.52
28 20 0.47
