30  58
4 13 0.8
13 4 0.6
4 23 0.8
23 4 0.52
24 4 0.63
4 24 0.8
25 4 0.37
4 25 0.8
5 14 0.75
14 5 0.52
18 5 0.42
5 18 0.75
19 5 0.15
5 19 0.75
24 5 0.63
5 24 0.75
8 12 0.48
12 8 0.4
8 25 0.48
25 8 0.37
9 25 0.68
25 9 0.37
18 11 0.42
11 18 0.48
27 11 0.23
11 27 0.48
11 28 0.48
28 11 0.35
12 13 0.4
13 12 0.6
25 12 0.37
12 25 0.4
13 15 0.6
15 13 0.9
19 13 0.15
13 19 0.6
24 13 0.63
13 24 0.6
25 13 0.37
13 25 0.6
25 14 0.37
14 25 0.52
25 18 0.37
18 25 0.42
18 27 0.42
27 18 0.23
24 19 0.63
19 24 0.15
25 19 0.37
19 25 0.15
25 21 0.37
21 25 0.55
24 23 0.63
23 24 0.52
24 25 0.63
25 24 0.37
25 27 0.37
27 25 0.23
