30  80
1 6 0.6
6 1 0.65
1 7 0.6
7 1 0.52
8 1 0.75
1 8 0.6
1 15 0.6
15 1 0.2
1 23 0.6
23 1 0.12
24 1 0.47
1 24 0.6
4 23 0.92
23 4 0.12
24 4 0.47
4 24 0.92
25 4 0.42
4 25 0.92
26 4 0.57
4 26 0.92
24 6 0.47
6 24 0.65
14 7 0.78
7 14 0.52
24 7 0.47
7 24 0.52
29 7 0.68
7 29 0.52
8 23 0.75
23 8 0.12
8 24 0.75
24 8 0.47
10 23 0.25
23 10 0.12
24 10 0.47
10 24 0.25
12 15 0.25
15 12 0.2
12 23 0.25
23 12 0.12
24 12 0.47
12 24 0.25
24 13 0.47
13 24 0.42
26 13 0.57
13 26 0.42
24 14 0.47
14 24 0.78
21 15 0.6
15 21 0.2
24 15 0.47
15 24 0.2
26 15 0.57
15 26 0.2
16 23 0.37
23 16 0.12
16 24 0.37
24 16 0.47
24 20 0.47
20 24 0.8
21 23 0.6
23 21 0.12
24 21 0.47
21 24 0.6
22 23 0.23
23 22 0.12
24 22 0.47
22 24 0.23
24 23 0.47
23 24 0.12
26 23 0.57
23 26 0.12
24 25 0.47
25 24 0.42
24 26 0.47
26 24 0.57
24 29 0.47
29 24 0.68
25 26 0.42
26 25 0.57
