40  66
2 38 0.37
38 2 0.4
4 6 0.58
6 4 0.2
9 4 0.52
4 9 0.58
9 6 0.52
6 9 0.2
19 6 0.68
6 19 0.2
21 6 0.32
6 21 0.2
6 31 0.2
31 6 0.92
33 6 0.53
6 33 0.2
37 6 0.37
6 37 0.2
6 39 0.2
39 6 0.38
8 19 0.42
19 8 0.68
9 31 0.52
31 9 0.92
9 33 0.52
33 9 0.53
9 39 0.52
39 9 0.38
12 22 0.48
22 12 0.47
12 39 0.48
39 12 0.38
37 13 0.37
13 37 0.52
33 18 0.53
18 33 0.23
27 19 0.25
19 27 0.68
33 19 0.53
19 33 0.68
35 19 0.95
19 35 0.68
40 19 0.68
19 40 0.68
29 21 0.88
21 29 0.32
21 31 0.32
31 21 0.92
37 21 0.37
21 37 0.32
40 21 0.68
21 40 0.32
33 31 0.53
31 33 0.92
37 31 0.37
31 37 0.92
39 31 0.38
31 39 0.92
33 37 0.53
37 33 0.37
33 38 0.53
38 33 0.4
38 39 0.4
39 38 0.38
40 38 0.68
38 40 0.4
