30  80
1 5 0.53
5 1 0.42
16 1 0.63
1 16 0.53
1 25 0.53
25 1 0.78
1 26 0.53
26 1 0.77
1 27 0.53
27 1 0.6
1 29 0.53
29 1 0.83
2 15 0.48
15 2 0.55
16 2 0.63
2 16 0.48
2 23 0.48
23 2 0.63
16 3 0.63
3 16 0.25
16 4 0.63
4 16 0.3
16 5 0.63
5 16 0.42
18 5 0.75
5 18 0.42
25 5 0.78
5 25 0.42
26 5 0.77
5 26 0.42
27 5 0.6
5 27 0.42
29 5 0.83
5 29 0.42
27 7 0.6
7 27 0.55
9 25 0.2
25 9 0.78
9 27 0.2
27 9 0.6
25 10 0.78
10 25 0.47
10 27 0.47
27 10 0.6
16 13 0.63
13 16 0.55
27 14 0.6
14 27 0.7
28 14 0.4
14 28 0.7
16 15 0.63
15 16 0.55
16 18 0.63
18 16 0.75
16 21 0.63
21 16 0.42
16 23 0.63
23 16 0.63
16 26 0.63
26 16 0.77
16 27 0.63
27 16 0.6
16 29 0.63
29 16 0.83
16 30 0.63
30 16 0.68
18 26 0.75
26 18 0.77
18 29 0.75
29 18 0.83
25 26 0.78
26 25 0.77
25 27 0.78
27 25 0.6
26 27 0.77
27 26 0.6
26 29 0.77
29 26 0.83
27 29 0.6
29 27 0.83
