30  62
1 3 0.43
3 1 0.6
1 5 0.43
5 1 0.3
1 6 0.43
6 1 0.35
1 11 0.43
11 1 0.38
16 1 0.57
1 16 0.43
1 18 0.43
18 1 0.87
1 21 0.43
21 1 0.25
1 22 0.43
22 1 0.65
1 23 0.43
23 1 0.45
1 27 0.43
27 1 0.68
26 3 0.57
3 26 0.6
4 23 0.4
23 4 0.45
25 5 0.55
5 25 0.3
27 5 0.68
5 27 0.3
26 6 0.57
6 26 0.35
10 13 0.43
13 10 0.55
11 22 0.38
22 11 0.65
11 23 0.38
23 11 0.45
26 11 0.57
11 26 0.38
12 22 0.3
22 12 0.65
26 14 0.57
14 26 0.75
16 26 0.57
26 16 0.57
18 23 0.87
23 18 0.45
18 26 0.87
26 18 0.57
26 21 0.57
21 26 0.25
22 23 0.65
23 22 0.45
26 22 0.57
22 26 0.65
26 23 0.57
23 26 0.45
27 23 0.68
23 27 0.45
25 26 0.55
26 25 0.57
26 27 0.57
27 26 0.68
