30  124
1 3 0.6
3 1 0.33
1 5 0.6
5 1 0.73
1 7 0.6
7 1 0.48
8 1 0.93
1 8 0.6
1 10 0.6
10 1 0.55
16 1 0.4
1 16 0.6
1 29 0.6
29 1 0.55
3 5 0.33
5 3 0.73
3 7 0.33
7 3 0.48
8 3 0.93
3 8 0.33
10 3 0.55
3 10 0.33
3 13 0.33
13 3 0.48
3 14 0.33
14 3 0.53
17 3 0.45
3 17 0.33
3 20 0.33
20 3 0.38
26 3 0.3
3 26 0.33
3 29 0.33
29 3 0.55
4 29 0.45
29 4 0.55
5 14 0.73
14 5 0.53
26 5 0.3
5 26 0.73
29 5 0.55
5 29 0.73
8 6 0.93
6 8 0.52
27 6 0.32
6 27 0.52
14 7 0.53
7 14 0.48
26 7 0.3
7 26 0.48
29 7 0.55
7 29 0.48
8 10 0.93
10 8 0.55
8 14 0.93
14 8 0.53
8 18 0.93
18 8 0.32
8 20 0.93
20 8 0.38
8 26 0.93
26 8 0.3
8 29 0.93
29 8 0.55
10 14 0.55
14 10 0.53
17 10 0.45
10 17 0.55
10 20 0.55
20 10 0.38
10 26 0.55
26 10 0.3
10 27 0.55
27 10 0.32
10 29 0.55
29 10 0.55
11 14 0.48
14 11 0.53
26 11 0.3
11 26 0.48
11 29 0.48
29 11 0.55
13 14 0.48
14 13 0.53
26 13 0.3
13 26 0.48
29 13 0.55
13 29 0.48
16 14 0.4
14 16 0.53
17 14 0.45
14 17 0.53
20 14 0.38
14 20 0.53
26 14 0.3
14 26 0.53
27 14 0.32
14 27 0.53
28 14 0.5
14 28 0.53
29 14 0.55
14 29 0.53
17 15 0.45
15 17 0.48
16 17 0.4
17 16 0.45
16 18 0.4
18 16 0.32
17 20 0.45
20 17 0.38
18 26 0.32
26 18 0.3
27 20 0.32
20 27 0.38
20 29 0.38
29 20 0.55
26 27 0.3
27 26 0.32
26 28 0.3
28 26 0.5
26 29 0.3
29 26 0.55
28 29 0.5
29 28 0.55
