40  126
1 39 0.55
39 1 0.55
16 4 0.55
4 16 0.4
4 30 0.4
30 4 0.47
5 14 0.48
14 5 0.48
20 5 0.42
5 20 0.48
35 5 0.32
5 35 0.48
40 5 0.87
5 40 0.48
6 14 0.97
14 6 0.48
20 6 0.42
6 20 0.97
38 6 0.32
6 38 0.97
6 39 0.97
39 6 0.55
40 6 0.87
6 40 0.97
39 7 0.55
7 39 0.63
40 7 0.87
7 40 0.63
10 39 0.48
39 10 0.55
11 20 0.27
20 11 0.42
11 38 0.27
38 11 0.32
11 39 0.27
39 11 0.55
13 14 0.57
14 13 0.48
18 13 0.27
13 18 0.57
36 13 0.4
13 36 0.57
16 14 0.55
14 16 0.48
20 14 0.42
14 20 0.48
21 14 0.67
14 21 0.48
14 22 0.48
22 14 0.33
14 31 0.48
31 14 0.37
32 14 0.83
14 32 0.48
34 14 0.48
14 34 0.48
36 14 0.4
14 36 0.48
37 14 0.42
14 37 0.48
38 14 0.32
14 38 0.48
14 39 0.48
39 14 0.55
39 15 0.55
15 39 0.27
16 21 0.55
21 16 0.67
16 31 0.55
31 16 0.37
16 34 0.55
34 16 0.48
16 37 0.55
37 16 0.42
16 38 0.55
38 16 0.32
16 39 0.55
39 16 0.55
16 40 0.55
40 16 0.87
20 36 0.42
36 20 0.4
20 38 0.42
38 20 0.32
20 39 0.42
39 20 0.55
35 21 0.32
21 35 0.67
35 22 0.32
22 35 0.33
36 22 0.4
22 36 0.33
24 35 0.47
35 24 0.32
24 36 0.47
36 24 0.4
29 39 0.63
39 29 0.55
30 31 0.47
31 30 0.37
40 30 0.87
30 40 0.47
35 31 0.32
31 35 0.37
36 31 0.4
31 36 0.37
32 35 0.83
35 32 0.32
32 36 0.83
36 32 0.4
34 35 0.48
35 34 0.32
34 36 0.48
36 34 0.4
35 37 0.32
37 35 0.42
35 39 0.32
39 35 0.55
40 36 0.87
36 40 0.4
38 39 0.32
39 38 0.55
40 38 0.87
38 40 0.32
40 39 0.87
39 40 0.55
