40  70
3 14 0.6
14 3 0.48
3 22 0.6
22 3 0.5
9 22 0.72
22 9 0.5
17 11 0.53
11 17 0.83
11 31 0.83
31 11 0.6
17 14 0.53
14 17 0.48
21 14 0.58
14 21 0.48
14 22 0.48
22 14 0.5
14 23 0.48
23 14 0.92
24 14 0.33
14 24 0.48
28 14 0.67
14 28 0.48
32 14 0.88
14 32 0.48
35 14 0.45
14 35 0.48
14 39 0.48
39 14 0.62
17 20 0.53
20 17 0.52
17 21 0.53
21 17 0.58
17 22 0.53
22 17 0.5
24 17 0.33
17 24 0.53
17 31 0.53
31 17 0.6
17 39 0.53
39 17 0.62
20 22 0.52
22 20 0.5
20 31 0.52
31 20 0.6
35 20 0.45
20 35 0.52
20 39 0.52
39 20 0.62
21 22 0.58
22 21 0.5
35 21 0.45
21 35 0.58
21 39 0.58
39 21 0.62
22 23 0.5
23 22 0.92
26 22 0.55
22 26 0.5
35 22 0.45
22 35 0.5
22 39 0.5
39 22 0.62
24 39 0.33
39 24 0.62
26 35 0.55
35 26 0.45
35 31 0.45
31 35 0.6
35 39 0.45
39 35 0.62
