50  180
1 12 0.87
12 1 0.47
1 21 0.87
21 1 0.53
1 42 0.87
42 1 0.78
2 30 0.45
30 2 0.77
4 12 0.4
12 4 0.47
42 4 0.78
4 42 0.4
12 5 0.47
5 12 0.57
5 39 0.57
39 5 0.72
42 5 0.78
5 42 0.57
44 5 0.47
5 44 0.57
50 5 0.6
5 50 0.57
50 6 0.6
6 50 0.6
44 7 0.47
7 44 0.37
10 11 0.83
11 10 0.52
10 12 0.83
12 10 0.47
16 10 0.85
10 16 0.83
10 31 0.83
31 10 0.2
40 10 0.5
10 40 0.83
10 42 0.83
42 10 0.78
10 43 0.83
43 10 0.48
11 12 0.52
12 11 0.47
11 13 0.52
13 11 0.9
16 11 0.85
11 16 0.52
11 21 0.52
21 11 0.53
40 11 0.5
11 40 0.52
42 11 0.78
11 42 0.52
43 11 0.48
11 43 0.52
11 45 0.52
45 11 0.57
12 13 0.47
13 12 0.9
12 14 0.47
14 12 0.83
16 12 0.85
12 16 0.47
17 12 0.55
12 17 0.47
19 12 0.38
12 19 0.47
12 23 0.47
23 12 0.83
26 12 0.92
12 26 0.47
27 12 0.23
12 27 0.47
12 31 0.47
31 12 0.2
12 37 0.47
37 12 0.42
12 39 0.47
39 12 0.72
40 12 0.5
12 40 0.47
42 12 0.78
12 42 0.47
43 12 0.48
12 43 0.47
12 44 0.47
44 12 0.47
12 45 0.47
45 12 0.57
12 46 0.47
46 12 0.58
50 12 0.6
12 50 0.47
16 13 0.85
13 16 0.9
27 13 0.23
13 27 0.9
42 13 0.78
13 42 0.9
21 14 0.53
14 21 0.83
42 14 0.78
14 42 0.83
16 27 0.85
27 16 0.23
16 40 0.85
40 16 0.5
16 42 0.85
42 16 0.78
16 43 0.85
43 16 0.48
16 45 0.85
45 16 0.57
17 42 0.55
42 17 0.78
40 19 0.5
19 40 0.38
43 19 0.48
19 43 0.38
19 45 0.38
45 19 0.57
34 21 0.45
21 34 0.53
22 30 0.67
30 22 0.77
27 23 0.23
23 27 0.83
42 23 0.78
23 42 0.83
25 41 0.52
41 25 0.5
25 42 0.52
42 25 0.78
26 36 0.92
36 26 0.38
26 42 0.92
42 26 0.78
33 27 0.67
27 33 0.23
34 27 0.45
27 34 0.23
35 27 0.48
27 35 0.23
27 39 0.23
39 27 0.72
40 27 0.5
27 40 0.23
41 27 0.5
27 41 0.23
42 27 0.78
27 42 0.23
27 44 0.23
44 27 0.47
40 31 0.5
31 40 0.2
42 37 0.78
37 42 0.42
42 38 0.78
38 42 0.67
42 39 0.78
39 42 0.72
44 39 0.47
39 44 0.72
50 39 0.6
39 50 0.72
40 42 0.5
42 40 0.78
40 45 0.5
45 40 0.57
42 43 0.78
43 42 0.48
42 44 0.78
44 42 0.47
42 46 0.78
46 42 0.58
42 47 0.78
47 42 0.5
42 50 0.78
50 42 0.6
50 44 0.6
44 50 0.47
