30  50
3 15 0.85
15 3 0.35
4 15 0.55
15 4 0.35
4 20 0.55
20 4 0.6
4 21 0.55
21 4 0.83
9 10 0.28
10 9 0.38
9 11 0.28
11 9 0.87
9 25 0.28
25 9 0.47
10 11 0.38
11 10 0.87
10 14 0.38
14 10 0.33
10 15 0.38
15 10 0.35
10 27 0.38
27 10 0.23
11 14 0.87
14 11 0.33
11 15 0.87
15 11 0.35
27 11 0.23
11 27 0.87
14 15 0.33
15 14 0.35
21 14 0.83
14 21 0.33
24 14 0.18
14 24 0.33
25 14 0.47
14 25 0.33
26 14 0.58
14 26 0.33
27 14 0.23
14 27 0.33
19 15 0.27
15 19 0.35
21 15 0.83
15 21 0.35
24 15 0.18
15 24 0.35
25 15 0.47
15 25 0.35
27 15 0.23
15 27 0.35
