50  46
10 30 0.62
30 10 0.32
16 12 0.13
12 16 0.6
12 23 0.6
23 12 0.27
27 12 0.23
12 27 0.6
12 29 0.6
29 12 0.6
12 37 0.6
37 12 0.62
12 45 0.6
45 12 0.62
16 27 0.13
27 16 0.23
16 29 0.13
29 16 0.6
16 37 0.13
37 16 0.62
16 45 0.13
45 16 0.62
17 27 0.52
27 17 0.23
27 19 0.23
19 27 0.5
37 23 0.62
23 37 0.27
45 23 0.62
23 45 0.27
27 29 0.23
29 27 0.6
27 30 0.23
30 27 0.32
27 37 0.23
37 27 0.62
27 38 0.23
38 27 0.73
27 44 0.23
44 27 0.6
27 45 0.23
45 27 0.62
27 46 0.23
46 27 0.67
37 29 0.62
29 37 0.6
