50  154
1 6 0.3
6 1 0.72
1 38 0.3
38 1 0.52
40 1 0.42
1 40 0.3
1 41 0.3
41 1 0.45
2 3 0.27
3 2 0.95
8 2 0.5
2 8 0.27
9 2 0.38
2 9 0.27
2 10 0.27
10 2 0.3
2 15 0.27
15 2 0.78
16 2 0.42
2 16 0.27
17 2 0.68
2 17 0.27
2 21 0.27
21 2 0.67
2 23 0.27
23 2 0.18
2 26 0.27
26 2 0.7
2 28 0.27
28 2 0.6
2 30 0.27
30 2 0.55
32 2 0.63
2 32 0.27
2 35 0.27
35 2 0.45
2 37 0.27
37 2 0.37
2 38 0.27
38 2 0.52
40 2 0.42
2 40 0.27
41 2 0.45
2 41 0.27
2 43 0.27
43 2 0.35
2 45 0.27
45 2 0.25
48 2 0.45
2 48 0.27
49 2 0.68
2 49 0.27
9 3 0.38
3 9 0.95
3 31 0.95
31 3 0.3
34 3 0.52
3 34 0.95
3 37 0.95
37 3 0.37
38 6 0.52
6 38 0.72
6 39 0.72
39 6 0.47
9 10 0.38
10 9 0.3
9 12 0.38
12 9 0.77
16 9 0.42
9 16 0.38
9 17 0.38
17 9 0.68
9 21 0.38
21 9 0.67
9 23 0.38
23 9 0.18
9 26 0.38
26 9 0.7
9 30 0.38
30 9 0.55
9 31 0.38
31 9 0.3
9 38 0.38
38 9 0.52
40 9 0.42
9 40 0.38
9 41 0.38
41 9 0.45
9 43 0.38
43 9 0.35
48 9 0.45
9 48 0.38
16 25 0.42
25 16 0.87
16 28 0.42
28 16 0.6
16 35 0.42
35 16 0.45
16 38 0.42
38 16 0.52
16 40 0.42
40 16 0.42
16 41 0.42
41 16 0.45
17 25 0.68
25 17 0.87
17 50 0.68
50 17 0.62
50 21 0.62
21 50 0.67
25 31 0.87
31 25 0.3
25 37 0.87
37 25 0.37
40 25 0.42
25 40 0.87
25 43 0.87
43 25 0.35
25 49 0.87
49 25 0.68
35 28 0.45
28 35 0.6
28 39 0.6
39 28 0.47
40 28 0.42
28 40 0.6
42 28 0.82
28 42 0.6
35 38 0.45
38 35 0.52
40 35 0.42
35 40 0.45
41 35 0.45
35 41 0.45
43 35 0.35
35 43 0.45
40 38 0.42
38 40 0.52
43 38 0.35
38 43 0.52
40 39 0.42
39 40 0.47
43 39 0.35
39 43 0.47
40 41 0.42
41 40 0.45
40 43 0.42
43 40 0.35
41 42 0.45
42 41 0.82
41 47 0.45
47 41 0.25
49 50 0.68
50 49 0.62
