50  200
1 6 0.6
6 1 0.43
8 1 0.58
1 8 0.6
1 28 0.6
28 1 0.23
1 35 0.6
35 1 0.85
1 37 0.6
37 1 0.42
1 38 0.6
38 1 0.72
1 39 0.6
39 1 0.6
1 44 0.6
44 1 0.58
1 45 0.6
45 1 0.53
2 37 0.33
37 2 0.42
48 2 0.68
2 48 0.33
3 37 0.93
37 3 0.42
4 12 0.72
12 4 0.42
4 22 0.72
22 4 0.93
26 4 0.45
4 26 0.72
48 4 0.68
4 48 0.72
17 5 0.4
5 17 0.65
37 5 0.42
5 37 0.65
48 5 0.68
5 48 0.65
28 6 0.23
6 28 0.43
37 6 0.42
6 37 0.43
37 7 0.42
7 37 0.53
48 7 0.68
7 48 0.53
8 34 0.58
34 8 0.42
8 48 0.58
48 8 0.68
9 12 0.43
12 9 0.42
9 37 0.43
37 9 0.42
48 9 0.68
9 48 0.43
10 22 0.35
22 10 0.93
10 37 0.35
37 10 0.42
10 47 0.35
47 10 0.72
48 10 0.68
10 48 0.35
12 15 0.42
15 12 0.42
18 12 0.3
12 18 0.42
12 28 0.42
28 12 0.23
12 36 0.42
36 12 0.47
12 37 0.42
37 12 0.42
12 39 0.42
39 12 0.6
40 12 0.58
12 40 0.42
12 47 0.42
47 12 0.72
50 12 0.7
12 50 0.42
48 15 0.68
15 48 0.42
25 18 0.47
18 25 0.3
18 38 0.3
38 18 0.72
18 39 0.3
39 18 0.6
19 37 0.88
37 19 0.42
48 19 0.68
19 48 0.88
20 37 0.35
37 20 0.42
20 39 0.35
39 20 0.6
48 20 0.68
20 48 0.35
49 20 0.4
20 49 0.35
37 21 0.42
21 37 0.87
48 21 0.68
21 48 0.87
22 47 0.93
47 22 0.72
48 22 0.68
22 48 0.93
24 37 0.37
37 24 0.42
24 48 0.37
48 24 0.68
26 37 0.45
37 26 0.42
26 47 0.45
47 26 0.72
48 26 0.68
26 48 0.45
34 28 0.42
28 34 0.23
35 28 0.85
28 35 0.23
28 39 0.23
39 28 0.6
28 44 0.23
44 28 0.58
28 45 0.23
45 28 0.53
28 46 0.23
46 28 0.32
48 28 0.68
28 48 0.23
49 28 0.4
28 49 0.23
48 33 0.68
33 48 0.75
34 37 0.42
37 34 0.42
34 39 0.42
39 34 0.6
48 34 0.68
34 48 0.42
35 37 0.85
37 35 0.42
36 37 0.47
37 36 0.42
48 36 0.68
36 48 0.47
37 39 0.42
39 37 0.6
40 37 0.58
37 40 0.42
41 37 0.97
37 41 0.42
44 37 0.58
37 44 0.42
45 37 0.53
37 45 0.42
37 46 0.42
46 37 0.32
37 47 0.42
47 37 0.72
48 37 0.68
37 48 0.42
49 37 0.4
37 49 0.42
50 37 0.7
37 50 0.42
38 39 0.72
39 38 0.6
44 38 0.58
38 44 0.72
44 39 0.58
39 44 0.6
48 39 0.68
39 48 0.6
49 39 0.4
39 49 0.6
40 48 0.58
48 40 0.68
48 41 0.68
41 48 0.97
49 42 0.4
42 49 0.67
44 45 0.58
45 44 0.53
48 44 0.68
44 48 0.58
49 44 0.4
44 49 0.58
48 45 0.68
45 48 0.53
48 47 0.68
47 48 0.72
48 49 0.68
49 48 0.4
48 50 0.68
50 48 0.7
