30  64
1 6 0.7
6 1 0.62
1 10 0.7
10 1 0.23
1 13 0.7
13 1 0.62
1 14 0.7
14 1 0.4
1 17 0.7
17 1 0.43
1 18 0.7
18 1 0.47
1 20 0.7
20 1 0.47
1 21 0.7
21 1 0.87
24 1 0.82
1 24 0.7
1 25 0.7
25 1 0.52
1 26 0.7
26 1 0.82
5 15 0.35
15 5 0.48
9 6 0.38
6 9 0.62
6 14 0.62
14 6 0.4
18 6 0.47
6 18 0.62
20 6 0.47
6 20 0.62
10 20 0.23
20 10 0.47
24 10 0.82
10 24 0.23
10 28 0.23
28 10 0.77
27 13 0.9
13 27 0.62
18 14 0.47
14 18 0.4
24 14 0.82
14 24 0.4
17 18 0.43
18 17 0.47
17 28 0.43
28 17 0.77
18 20 0.47
20 18 0.47
24 18 0.82
18 24 0.47
25 18 0.52
18 25 0.47
18 26 0.47
26 18 0.82
18 28 0.47
28 18 0.77
25 20 0.52
20 25 0.47
26 20 0.82
20 26 0.47
25 28 0.52
28 25 0.77
