50  60
3 6 0.57
6 3 0.67
10 3 0.3
3 10 0.57
3 13 0.57
13 3 0.72
3 15 0.57
15 3 0.73
19 3 0.42
3 19 0.57
26 3 0.97
3 26 0.57
43 3 0.58
3 43 0.57
13 6 0.72
6 13 0.67
43 6 0.58
6 43 0.67
8 19 0.53
19 8 0.42
10 11 0.3
11 10 0.77
10 13 0.3
13 10 0.72
10 15 0.3
15 10 0.73
10 19 0.3
19 10 0.42
10 43 0.3
43 10 0.58
10 45 0.3
45 10 0.63
43 11 0.58
11 43 0.77
11 45 0.77
45 11 0.63
13 15 0.72
15 13 0.73
19 13 0.42
13 19 0.72
43 13 0.58
13 43 0.72
43 15 0.58
15 43 0.73
45 15 0.63
15 45 0.73
19 38 0.42
38 19 0.37
19 39 0.42
39 19 0.62
43 19 0.58
19 43 0.42
19 45 0.42
45 19 0.63
43 36 0.58
36 43 0.73
43 45 0.58
45 43 0.63
50 43 0.62
43 50 0.58
