40  122
1 27 0.83
27 1 0.35
9 3 0.37
3 9 0.88
3 14 0.88
14 3 0.57
35 3 0.23
3 35 0.88
5 7 0.37
7 5 0.45
19 5 0.27
5 19 0.37
9 6 0.37
6 9 0.33
21 6 0.55
6 21 0.33
27 6 0.35
6 27 0.33
35 6 0.23
6 35 0.33
40 6 0.63
6 40 0.33
9 7 0.37
7 9 0.45
11 7 0.48
7 11 0.45
14 7 0.57
7 14 0.45
19 7 0.27
7 19 0.45
20 7 0.88
7 20 0.45
21 7 0.55
7 21 0.45
26 7 0.97
7 26 0.45
27 7 0.35
7 27 0.45
35 7 0.23
7 35 0.45
9 13 0.37
13 9 0.28
9 14 0.37
14 9 0.57
9 19 0.37
19 9 0.27
9 20 0.37
20 9 0.88
24 9 0.5
9 24 0.37
9 27 0.37
27 9 0.35
40 9 0.63
9 40 0.37
11 14 0.48
14 11 0.57
19 11 0.27
11 19 0.48
11 20 0.48
20 11 0.88
11 21 0.48
21 11 0.55
27 11 0.35
11 27 0.48
40 11 0.63
11 40 0.48
13 14 0.28
14 13 0.57
35 13 0.23
13 35 0.28
14 15 0.57
15 14 0.82
19 14 0.27
14 19 0.57
20 14 0.88
14 20 0.57
24 14 0.5
14 24 0.57
27 14 0.35
14 27 0.57
35 14 0.23
14 35 0.57
37 14 0.73
14 37 0.57
40 14 0.63
14 40 0.57
16 27 0.85
27 16 0.35
19 20 0.27
20 19 0.88
19 21 0.27
21 19 0.55
27 19 0.35
19 27 0.27
40 19 0.63
19 40 0.27
27 20 0.35
20 27 0.88
40 20 0.63
20 40 0.88
26 21 0.97
21 26 0.55
27 21 0.35
21 27 0.55
28 21 0.83
21 28 0.55
27 22 0.35
22 27 0.67
25 26 0.42
26 25 0.97
25 27 0.42
27 25 0.35
26 29 0.97
29 26 0.35
40 26 0.63
26 40 0.97
40 27 0.63
27 40 0.35
28 38 0.83
38 28 0.47
35 31 0.23
31 35 0.38
