50  198
1 23 0.27
23 1 0.95
1 28 0.27
28 1 0.67
3 28 0.58
28 3 0.67
41 3 0.73
3 41 0.58
4 23 0.65
23 4 0.95
41 4 0.73
4 41 0.65
6 14 0.42
14 6 0.77
6 15 0.42
15 6 0.33
17 6 0.55
6 17 0.42
6 22 0.42
22 6 0.38
6 23 0.42
23 6 0.95
28 6 0.67
6 28 0.42
38 6 0.45
6 38 0.42
41 6 0.73
6 41 0.42
45 6 0.47
6 45 0.42
6 47 0.42
47 6 0.47
9 23 0.67
23 9 0.95
9 28 0.67
28 9 0.67
9 41 0.67
41 9 0.73
11 12 0.93
12 11 0.82
11 13 0.93
13 11 0.88
11 14 0.93
14 11 0.77
11 15 0.93
15 11 0.33
17 11 0.55
11 17 0.93
11 23 0.93
23 11 0.95
11 28 0.93
28 11 0.67
11 38 0.93
38 11 0.45
41 11 0.73
11 41 0.93
11 44 0.93
44 11 0.68
11 47 0.93
47 11 0.47
12 15 0.82
15 12 0.33
12 22 0.82
22 12 0.38
25 12 0.45
12 25 0.82
12 38 0.82
38 12 0.45
41 12 0.73
12 41 0.82
12 47 0.82
47 12 0.47
14 15 0.77
15 14 0.33
17 14 0.55
14 17 0.77
14 22 0.77
22 14 0.38
28 14 0.67
14 28 0.77
38 14 0.45
14 38 0.77
45 14 0.47
14 45 0.77
14 47 0.77
47 14 0.47
17 15 0.55
15 17 0.33
22 15 0.38
15 22 0.33
23 15 0.95
15 23 0.33
28 15 0.67
15 28 0.33
38 15 0.45
15 38 0.33
41 15 0.73
15 41 0.33
45 15 0.47
15 45 0.33
47 15 0.47
15 47 0.33
17 22 0.55
22 17 0.38
17 38 0.55
38 17 0.45
17 41 0.55
41 17 0.73
17 45 0.55
45 17 0.47
17 47 0.55
47 17 0.47
19 23 0.97
23 19 0.95
41 19 0.73
19 41 0.97
22 23 0.38
23 22 0.95
28 22 0.67
22 28 0.38
38 22 0.45
22 38 0.38
41 22 0.73
22 41 0.38
45 22 0.47
22 45 0.38
22 47 0.38
47 22 0.47
28 23 0.67
23 28 0.95
29 23 0.68
23 29 0.95
41 23 0.73
23 41 0.95
43 23 0.37
23 43 0.95
45 23 0.47
23 45 0.95
46 23 0.42
23 46 0.95
47 23 0.47
23 47 0.95
50 23 0.3
23 50 0.95
25 28 0.45
28 25 0.67
25 41 0.45
41 25 0.73
25 45 0.45
45 25 0.47
25 47 0.45
47 25 0.47
26 28 0.3
28 26 0.67
41 26 0.73
26 41 0.3
28 31 0.67
31 28 0.42
32 28 0.37
28 32 0.67
34 28 0.28
28 34 0.67
28 38 0.67
38 28 0.45
28 39 0.67
39 28 0.67
43 28 0.37
28 43 0.67
28 45 0.67
45 28 0.47
28 46 0.67
46 28 0.42
28 47 0.67
47 28 0.47
50 28 0.3
28 50 0.67
41 29 0.73
29 41 0.68
35 30 0.68
30 35 0.58
32 41 0.37
41 32 0.73
41 37 0.73
37 41 0.42
41 38 0.73
38 41 0.45
45 38 0.47
38 45 0.45
38 47 0.45
47 38 0.47
41 43 0.73
43 41 0.37
41 47 0.73
47 41 0.47
41 50 0.73
50 41 0.3
45 47 0.47
47 45 0.47
