40  148
1 4 0.63
4 1 0.33
1 6 0.63
6 1 0.32
1 7 0.63
7 1 0.72
1 11 0.63
11 1 0.22
1 13 0.63
13 1 0.58
1 15 0.63
15 1 0.45
1 17 0.63
17 1 0.7
1 20 0.63
20 1 0.67
1 25 0.63
25 1 0.4
1 27 0.63
27 1 0.65
32 1 0.37
1 32 0.63
1 33 0.63
33 1 0.63
1 36 0.63
36 1 0.33
1 38 0.63
38 1 0.67
11 3 0.22
3 11 0.45
27 3 0.65
3 27 0.45
4 7 0.33
7 4 0.72
4 21 0.33
21 4 0.53
4 28 0.33
28 4 0.42
4 29 0.33
29 4 0.78
4 36 0.33
36 4 0.33
4 39 0.33
39 4 0.58
18 6 0.63
6 18 0.32
29 6 0.78
6 29 0.32
34 6 0.62
6 34 0.32
36 6 0.33
6 36 0.32
18 7 0.63
7 18 0.72
29 7 0.78
7 29 0.72
34 7 0.62
7 34 0.72
36 7 0.33
7 36 0.72
10 18 0.48
18 10 0.63
10 28 0.48
28 10 0.42
10 29 0.48
29 10 0.78
10 36 0.48
36 10 0.33
11 12 0.22
12 11 0.42
11 29 0.22
29 11 0.78
11 36 0.22
36 11 0.33
18 13 0.63
13 18 0.58
29 13 0.78
13 29 0.58
36 13 0.33
13 36 0.58
18 15 0.63
15 18 0.45
29 15 0.78
15 29 0.45
36 15 0.33
15 36 0.45
16 29 0.62
29 16 0.78
17 22 0.7
22 17 0.85
17 28 0.7
28 17 0.42
17 29 0.7
29 17 0.78
17 36 0.7
36 17 0.33
17 38 0.7
38 17 0.67
18 22 0.63
22 18 0.85
25 18 0.4
18 25 0.63
18 29 0.63
29 18 0.78
19 36 0.25
36 19 0.33
29 22 0.78
22 29 0.85
36 22 0.33
22 36 0.85
38 22 0.67
22 38 0.85
25 29 0.4
29 25 0.78
25 36 0.4
36 25 0.33
34 27 0.62
27 34 0.65
28 38 0.42
38 28 0.67
32 29 0.37
29 32 0.78
33 29 0.63
29 33 0.78
34 29 0.62
29 34 0.78
36 29 0.33
29 36 0.78
29 38 0.78
38 29 0.67
34 31 0.62
31 34 0.33
32 36 0.37
36 32 0.33
33 34 0.63
34 33 0.62
33 36 0.63
36 33 0.33
34 36 0.62
36 34 0.33
34 38 0.62
38 34 0.67
36 37 0.33
37 36 0.67
36 38 0.33
38 36 0.67
36 39 0.33
39 36 0.58
