40  74
19 3 0.62
3 19 0.68
19 4 0.62
4 19 0.67
19 5 0.62
5 19 0.23
6 7 0.9
7 6 0.52
17 6 0.37
6 17 0.9
17 7 0.37
7 17 0.52
19 7 0.62
7 19 0.52
36 7 0.38
7 36 0.52
8 21 0.3
21 8 0.4
8 33 0.3
33 8 0.35
9 31 0.37
31 9 0.32
10 19 0.45
19 10 0.62
10 20 0.45
20 10 0.72
10 38 0.45
38 10 0.75
12 38 0.57
38 12 0.75
19 13 0.62
13 19 0.68
13 38 0.68
38 13 0.75
37 14 0.62
14 37 0.57
38 14 0.75
14 38 0.57
19 15 0.62
15 19 0.53
16 20 0.72
20 16 0.72
16 32 0.72
32 16 0.38
17 19 0.37
19 17 0.62
17 30 0.37
30 17 0.38
17 36 0.37
36 17 0.38
18 19 0.45
19 18 0.62
19 20 0.62
20 19 0.72
33 19 0.35
19 33 0.62
35 19 0.38
19 35 0.62
19 36 0.62
36 19 0.38
19 38 0.62
38 19 0.75
19 39 0.62
39 19 0.37
20 38 0.72
38 20 0.75
21 31 0.4
31 21 0.32
32 21 0.38
21 32 0.4
33 31 0.35
31 33 0.32
38 31 0.75
31 38 0.32
