50  102
18 5 0.73
5 18 0.68
25 5 0.53
5 25 0.68
6 14 0.47
14 6 0.37
16 6 0.55
6 16 0.47
17 6 0.37
6 17 0.47
35 6 0.62
6 35 0.47
16 11 0.55
11 16 0.7
17 11 0.37
11 17 0.7
18 11 0.73
11 18 0.7
24 11 0.47
11 24 0.7
26 11 0.25
11 26 0.7
32 11 0.23
11 32 0.7
11 37 0.7
37 11 0.58
11 38 0.7
38 11 0.33
40 11 0.42
11 40 0.7
11 47 0.7
47 11 0.5
18 14 0.73
14 18 0.37
24 14 0.47
14 24 0.37
14 30 0.37
30 14 0.38
50 14 0.52
14 50 0.37
16 17 0.55
17 16 0.37
16 18 0.55
18 16 0.73
16 20 0.55
20 16 0.68
16 24 0.55
24 16 0.47
16 25 0.55
25 16 0.53
16 50 0.55
50 16 0.52
17 18 0.37
18 17 0.73
24 17 0.47
17 24 0.37
40 17 0.42
17 40 0.37
18 19 0.73
19 18 0.45
24 18 0.47
18 24 0.73
25 18 0.53
18 25 0.73
18 26 0.73
26 18 0.25
18 35 0.73
35 18 0.62
18 37 0.73
37 18 0.58
18 38 0.73
38 18 0.33
18 39 0.73
39 18 0.67
18 42 0.73
42 18 0.7
18 43 0.73
43 18 0.78
18 47 0.73
47 18 0.5
18 50 0.73
50 18 0.52
25 19 0.53
19 25 0.45
42 19 0.7
19 42 0.45
26 21 0.25
21 26 0.67
21 38 0.67
38 21 0.33
24 40 0.47
40 24 0.42
32 25 0.23
25 32 0.53
25 39 0.53
39 25 0.67
25 50 0.53
50 25 0.52
26 42 0.25
42 26 0.7
32 42 0.23
42 32 0.7
