50  170
1 2 0.72
2 1 0.25
1 4 0.72
4 1 0.5
1 5 0.72
5 1 0.72
1 7 0.72
7 1 0.2
1 14 0.72
14 1 0.5
16 1 0.53
1 16 0.72
1 17 0.72
17 1 0.32
1 18 0.72
18 1 0.6
1 20 0.72
20 1 0.72
1 21 0.72
21 1 0.8
1 22 0.72
22 1 0.53
1 26 0.72
26 1 0.62
1 28 0.72
28 1 0.53
1 31 0.72
31 1 0.7
1 39 0.72
39 1 0.62
40 1 0.62
1 40 0.72
1 45 0.72
45 1 0.5
1 47 0.72
47 1 0.53
48 1 0.75
1 48 0.72
1 49 0.72
49 1 0.05
2 5 0.25
5 2 0.72
2 10 0.25
10 2 0.68
16 2 0.53
2 16 0.25
2 21 0.25
21 2 0.8
2 22 0.25
22 2 0.53
2 31 0.25
31 2 0.7
2 39 0.25
39 2 0.62
10 4 0.68
4 10 0.5
26 4 0.62
4 26 0.5
4 39 0.5
39 4 0.62
16 5 0.53
5 16 0.72
5 23 0.72
23 5 0.27
26 5 0.62
5 26 0.72
5 31 0.72
31 5 0.7
5 39 0.72
39 5 0.62
26 7 0.62
7 26 0.2
39 7 0.62
7 39 0.2
8 14 0.9
14 8 0.5
8 28 0.9
28 8 0.53
10 14 0.68
14 10 0.5
10 21 0.68
21 10 0.8
10 28 0.68
28 10 0.53
10 35 0.68
35 10 0.62
10 39 0.68
39 10 0.62
10 47 0.68
47 10 0.53
48 10 0.75
10 48 0.68
49 10 0.05
10 49 0.68
13 14 0.73
14 13 0.5
21 14 0.8
14 21 0.5
31 15 0.7
15 31 0.42
16 21 0.53
21 16 0.8
16 22 0.53
22 16 0.53
16 23 0.53
23 16 0.27
16 31 0.53
31 16 0.7
16 39 0.53
39 16 0.62
17 26 0.32
26 17 0.62
17 39 0.32
39 17 0.62
17 49 0.32
49 17 0.05
18 26 0.6
26 18 0.62
18 39 0.6
39 18 0.62
20 39 0.72
39 20 0.62
21 22 0.8
22 21 0.53
21 23 0.8
23 21 0.27
21 31 0.8
31 21 0.7
21 38 0.8
38 21 0.48
26 22 0.62
22 26 0.53
22 31 0.53
31 22 0.7
22 39 0.53
39 22 0.62
26 28 0.62
28 26 0.53
26 39 0.62
39 26 0.62
40 26 0.62
26 40 0.62
26 45 0.62
45 26 0.5
26 46 0.62
46 26 0.47
26 47 0.62
47 26 0.53
49 26 0.05
26 49 0.62
28 39 0.53
39 28 0.62
39 31 0.62
31 39 0.7
35 39 0.62
39 35 0.62
40 39 0.62
39 40 0.62
44 39 0.75
39 44 0.62
45 39 0.5
39 45 0.62
46 39 0.47
39 46 0.62
47 39 0.53
39 47 0.62
48 39 0.75
39 48 0.62
49 39 0.05
39 49 0.62
