50  152
1 20 0.47
20 1 0.37
2 3 0.35
3 2 0.45
2 21 0.35
21 2 0.42
2 38 0.35
38 2 0.78
2 45 0.35
45 2 0.23
2 50 0.35
50 2 0.95
3 7 0.45
7 3 0.9
8 3 0.97
3 8 0.45
3 20 0.45
20 3 0.37
25 3 0.68
3 25 0.45
26 3 0.62
3 26 0.45
3 28 0.45
28 3 0.63
3 29 0.45
29 3 0.93
3 37 0.45
37 3 0.63
3 44 0.45
44 3 0.47
10 6 0.68
6 10 0.52
20 6 0.37
6 20 0.52
29 6 0.93
6 29 0.52
8 7 0.97
7 8 0.9
14 7 0.38
7 14 0.9
20 7 0.37
7 20 0.9
39 7 0.43
7 39 0.9
42 7 0.52
7 42 0.9
43 7 0.35
7 43 0.9
44 7 0.47
7 44 0.9
8 14 0.97
14 8 0.38
8 20 0.97
20 8 0.37
8 29 0.97
29 8 0.93
8 43 0.97
43 8 0.35
10 18 0.68
18 10 0.87
11 20 0.23
20 11 0.37
11 29 0.23
29 11 0.93
20 14 0.37
14 20 0.38
37 14 0.63
14 37 0.38
14 39 0.38
39 14 0.43
43 14 0.35
14 43 0.38
44 14 0.47
14 44 0.38
17 20 0.52
20 17 0.37
17 29 0.52
29 17 0.93
18 20 0.87
20 18 0.37
18 29 0.87
29 18 0.93
19 20 0.5
20 19 0.37
19 29 0.5
29 19 0.93
20 21 0.37
21 20 0.42
20 29 0.37
29 20 0.93
20 31 0.37
31 20 0.45
33 20 0.78
20 33 0.37
20 36 0.37
36 20 0.63
20 38 0.37
38 20 0.78
20 39 0.37
39 20 0.43
43 20 0.35
20 43 0.37
20 45 0.37
45 20 0.23
29 21 0.93
21 29 0.42
32 21 0.63
21 32 0.42
25 29 0.68
29 25 0.93
25 39 0.68
39 25 0.43
29 31 0.93
31 29 0.45
33 29 0.78
29 33 0.93
36 29 0.63
29 36 0.93
37 29 0.63
29 37 0.93
29 39 0.93
39 29 0.43
43 29 0.35
29 43 0.93
44 29 0.47
29 44 0.93
29 46 0.93
46 29 0.82
50 29 0.95
29 50 0.93
32 30 0.63
30 32 0.67
38 30 0.78
30 38 0.67
45 30 0.23
30 45 0.67
50 30 0.95
30 50 0.67
32 38 0.63
38 32 0.78
32 45 0.63
45 32 0.23
32 50 0.63
50 32 0.95
43 37 0.35
37 43 0.63
44 37 0.47
37 44 0.63
42 39 0.52
39 42 0.43
43 39 0.35
39 43 0.43
