40  112
1 7 0.32
7 1 0.33
8 1 0.43
1 8 0.32
1 20 0.32
20 1 0.75
1 21 0.32
21 1 0.62
24 1 0.6
1 24 0.32
1 26 0.32
26 1 0.7
1 38 0.32
38 1 0.52
10 3 0.67
3 10 0.4
3 14 0.4
14 3 0.68
3 15 0.4
15 3 0.72
16 3 0.32
3 16 0.4
18 3 0.28
3 18 0.4
33 6 0.35
6 33 0.52
8 7 0.43
7 8 0.33
24 7 0.6
7 24 0.33
29 7 0.92
7 29 0.33
33 7 0.35
7 33 0.33
38 7 0.52
7 38 0.33
8 26 0.43
26 8 0.7
9 10 0.5
10 9 0.67
9 14 0.5
14 9 0.68
9 15 0.5
15 9 0.72
16 9 0.32
9 16 0.5
9 18 0.5
18 9 0.28
9 28 0.5
28 9 0.57
9 36 0.5
36 9 0.38
10 14 0.67
14 10 0.68
10 15 0.67
15 10 0.72
16 10 0.32
10 16 0.67
10 18 0.67
18 10 0.28
10 36 0.67
36 10 0.38
10 37 0.67
37 10 0.82
12 28 0.6
28 12 0.57
12 31 0.6
31 12 0.57
14 15 0.68
15 14 0.72
16 14 0.32
14 16 0.68
37 14 0.82
14 37 0.68
16 15 0.32
15 16 0.72
37 15 0.82
15 37 0.72
16 18 0.32
18 16 0.28
16 33 0.32
33 16 0.35
16 37 0.32
37 16 0.82
17 21 0.47
21 17 0.62
24 20 0.6
20 24 0.75
21 22 0.62
22 21 0.4
25 21 0.57
21 25 0.62
26 21 0.7
21 26 0.62
21 38 0.62
38 21 0.52
21 39 0.62
39 21 0.62
39 23 0.62
23 39 0.72
24 26 0.6
26 24 0.7
24 27 0.6
27 24 0.37
26 29 0.7
29 26 0.92
26 38 0.7
38 26 0.52
27 29 0.37
29 27 0.92
36 37 0.38
37 36 0.82
