40  52
1 14 0.38
14 1 0.48
2 20 0.33
20 2 0.5
3 6 0.68
6 3 0.43
9 3 0.45
3 9 0.68
3 14 0.68
14 3 0.48
17 3 0.65
3 17 0.68
3 22 0.68
22 3 0.25
27 3 0.63
3 27 0.68
3 30 0.68
30 3 0.65
32 3 0.42
3 32 0.68
3 37 0.68
37 3 0.47
3 39 0.68
39 3 0.33
40 3 0.62
3 40 0.68
20 6 0.5
6 20 0.43
9 14 0.45
14 9 0.48
9 20 0.45
20 9 0.5
40 9 0.62
9 40 0.45
13 14 0.32
14 13 0.48
20 14 0.5
14 20 0.48
36 14 0.83
14 36 0.48
40 14 0.62
14 40 0.48
20 22 0.5
22 20 0.25
26 20 0.7
20 26 0.5
27 20 0.63
20 27 0.5
20 37 0.5
37 20 0.47
20 39 0.5
39 20 0.33
