30  58
4 13 0.67
13 4 0.52
4 23 0.67
23 4 0.42
24 4 0.73
4 24 0.67
25 4 0.63
4 25 0.67
5 14 0.42
14 5 0.88
18 5 0.83
5 18 0.42
19 5 0.67
5 19 0.42
24 5 0.73
5 24 0.42
8 12 0.48
12 8 0.7
8 25 0.48
25 8 0.63
9 25 0.57
25 9 0.63
18 11 0.83
11 18 0.58
27 11 0.55
11 27 0.58
11 28 0.58
28 11 0.3
12 13 0.7
13 12 0.52
25 12 0.63
12 25 0.7
13 15 0.52
15 13 0.45
19 13 0.67
13 19 0.52
24 13 0.73
13 24 0.52
25 13 0.63
13 25 0.52
25 14 0.63
14 25 0.88
25 18 0.63
18 25 0.83
18 27 0.83
27 18 0.55
24 19 0.73
19 24 0.67
25 19 0.63
19 25 0.67
25 21 0.63
21 25 0.2
24 23 0.73
23 24 0.42
24 25 0.73
25 24 0.63
25 27 0.63
27 25 0.55
