50  80
18 3 0.65
3 18 0.53
25 3 0.5
3 25 0.53
3 31 0.53
31 3 0.92
3 47 0.53
47 3 0.67
18 4 0.65
4 18 0.33
31 7 0.92
7 31 0.72
8 24 0.53
24 8 0.47
8 31 0.53
31 8 0.92
10 31 0.72
31 10 0.92
24 14 0.47
14 24 0.35
16 24 0.45
24 16 0.47
16 31 0.45
31 16 0.92
16 47 0.45
47 16 0.67
24 17 0.47
17 24 0.82
17 31 0.82
31 17 0.92
24 18 0.47
18 24 0.65
25 18 0.5
18 25 0.65
18 31 0.65
31 18 0.92
18 47 0.65
47 18 0.67
20 31 0.57
31 20 0.92
24 22 0.47
22 24 0.32
22 31 0.32
31 22 0.92
24 25 0.47
25 24 0.5
24 26 0.47
26 24 0.17
24 30 0.47
30 24 0.82
24 31 0.47
31 24 0.92
24 35 0.47
35 24 0.18
24 38 0.47
38 24 0.32
24 43 0.47
43 24 0.5
24 44 0.47
44 24 0.23
24 46 0.47
46 24 0.32
24 47 0.47
47 24 0.67
26 31 0.17
31 26 0.92
27 31 0.6
31 27 0.92
28 44 0.63
44 28 0.23
35 31 0.18
31 35 0.92
38 31 0.32
31 38 0.92
43 31 0.5
31 43 0.92
46 31 0.32
31 46 0.92
47 31 0.67
31 47 0.92
