50  50
1 12 0.6
12 1 0.68
1 23 0.6
23 1 0.3
1 44 0.6
44 1 0.27
1 47 0.6
47 1 0.85
3 12 0.58
12 3 0.68
3 47 0.58
47 3 0.85
4 47 0.35
47 4 0.85
11 12 0.65
12 11 0.68
12 28 0.68
28 12 0.92
12 29 0.68
29 12 0.37
32 12 0.53
12 32 0.68
35 12 0.65
12 35 0.68
12 44 0.68
44 12 0.27
12 47 0.68
47 12 0.85
24 14 0.28
14 24 0.88
44 23 0.27
23 44 0.3
45 23 0.35
23 45 0.3
47 23 0.85
23 47 0.3
24 32 0.28
32 24 0.53
24 47 0.28
47 24 0.85
28 44 0.92
44 28 0.27
28 47 0.92
47 28 0.85
32 47 0.53
47 32 0.85
35 47 0.65
47 35 0.85
44 47 0.27
47 44 0.85
