30  60
1 17 0.53
17 1 0.65
17 2 0.65
2 17 0.65
17 3 0.65
3 17 0.38
21 6 0.97
6 21 0.42
17 7 0.65
7 17 0.77
8 21 0.3
21 8 0.97
8 23 0.3
23 8 0.23
9 18 0.68
18 9 0.68
9 28 0.68
28 9 0.78
17 12 0.65
12 17 0.38
12 23 0.38
23 12 0.23
12 30 0.38
30 12 0.5
17 13 0.65
13 17 0.37
18 13 0.68
13 18 0.37
21 13 0.97
13 21 0.37
24 13 0.85
13 24 0.37
17 14 0.65
14 17 0.9
27 14 0.4
14 27 0.9
17 19 0.65
19 17 0.87
17 22 0.65
22 17 0.78
24 17 0.85
17 24 0.65
17 29 0.65
29 17 0.65
17 30 0.65
30 17 0.5
18 21 0.68
21 18 0.97
24 18 0.85
18 24 0.68
24 21 0.85
21 24 0.97
27 21 0.4
21 27 0.97
27 23 0.4
23 27 0.23
30 23 0.5
23 30 0.23
24 25 0.85
25 24 0.43
