30  48
1 10 0.65
10 1 0.48
1 26 0.65
26 1 0.72
1 28 0.65
28 1 0.68
2 15 0.47
15 2 0.53
3 4 0.65
4 3 0.78
25 3 0.52
3 25 0.65
3 28 0.65
28 3 0.68
8 4 0.52
4 8 0.78
26 4 0.72
4 26 0.78
4 28 0.78
28 4 0.68
4 30 0.78
30 4 0.33
25 7 0.52
7 25 0.87
8 26 0.52
26 8 0.72
10 13 0.48
13 10 0.42
10 30 0.48
30 10 0.33
25 12 0.52
12 25 0.78
20 13 0.5
13 20 0.42
26 13 0.72
13 26 0.42
27 13 0.92
13 27 0.42
28 13 0.68
13 28 0.42
26 27 0.72
27 26 0.92
26 28 0.72
28 26 0.68
26 30 0.72
30 26 0.33
28 30 0.68
30 28 0.33
