40  54
3 14 0.58
14 3 0.68
16 3 0.65
3 16 0.58
17 3 0.6
3 17 0.58
3 20 0.58
20 3 0.6
25 3 0.62
3 25 0.58
26 3 0.52
3 26 0.58
35 3 0.48
3 35 0.58
3 38 0.58
38 3 0.4
20 5 0.6
5 20 0.75
26 5 0.52
5 26 0.75
35 5 0.48
5 35 0.75
8 14 0.77
14 8 0.68
8 16 0.77
16 8 0.65
8 17 0.77
17 8 0.6
8 25 0.77
25 8 0.62
8 26 0.77
26 8 0.52
8 38 0.77
38 8 0.4
10 14 0.3
14 10 0.68
27 13 0.58
13 27 0.42
20 14 0.6
14 20 0.68
26 14 0.52
14 26 0.68
27 14 0.58
14 27 0.68
14 30 0.68
30 14 0.35
35 14 0.48
14 35 0.68
35 20 0.48
20 35 0.6
26 35 0.52
35 26 0.48
27 38 0.58
38 27 0.4
