30  56
1 3 0.27
3 1 0.83
8 1 0.57
1 8 0.27
2 21 0.58
21 2 0.25
3 7 0.83
7 3 0.83
8 3 0.57
3 8 0.83
3 13 0.83
13 3 0.25
3 14 0.83
14 3 0.9
3 21 0.83
21 3 0.25
8 5 0.57
5 8 0.48
8 7 0.57
7 8 0.83
8 13 0.57
13 8 0.25
8 14 0.57
14 8 0.9
8 15 0.57
15 8 0.47
8 18 0.57
18 8 0.68
8 21 0.57
21 8 0.25
10 21 0.47
21 10 0.25
10 27 0.47
27 10 0.4
13 14 0.25
14 13 0.9
13 15 0.25
15 13 0.47
21 13 0.25
13 21 0.25
21 14 0.25
14 21 0.9
21 15 0.25
15 21 0.47
16 21 0.32
21 16 0.25
18 21 0.68
21 18 0.25
19 21 0.87
21 19 0.25
20 21 0.52
21 20 0.25
21 22 0.25
22 21 0.92
27 21 0.4
21 27 0.25
