40  100
4 6 0.35
6 4 0.33
8 4 0.38
4 8 0.35
9 4 0.47
4 9 0.35
4 12 0.35
12 4 0.42
16 4 0.32
4 16 0.35
18 4 0.52
4 18 0.35
4 21 0.35
21 4 0.47
4 22 0.35
22 4 0.3
4 23 0.35
23 4 0.32
24 4 0.65
4 24 0.35
27 4 0.78
4 27 0.35
34 4 0.55
4 34 0.35
4 36 0.35
36 4 0.27
4 37 0.35
37 4 0.57
4 39 0.35
39 4 0.48
9 5 0.47
5 9 0.45
8 6 0.38
6 8 0.33
21 6 0.47
6 21 0.33
8 9 0.38
9 8 0.47
8 16 0.38
16 8 0.32
8 18 0.38
18 8 0.52
8 21 0.38
21 8 0.47
8 24 0.38
24 8 0.65
8 27 0.38
27 8 0.78
8 30 0.38
30 8 0.8
8 39 0.38
39 8 0.48
9 11 0.47
11 9 0.83
9 18 0.47
18 9 0.52
9 21 0.47
21 9 0.47
32 9 0.32
9 32 0.47
40 9 0.32
9 40 0.47
10 21 0.35
21 10 0.47
16 12 0.32
12 16 0.42
24 12 0.65
12 24 0.42
34 12 0.55
12 34 0.42
16 21 0.32
21 16 0.47
16 24 0.32
24 16 0.65
16 27 0.32
27 16 0.78
16 34 0.32
34 16 0.55
18 21 0.52
21 18 0.47
24 18 0.65
18 24 0.52
40 18 0.32
18 40 0.52
26 21 0.33
21 26 0.47
27 21 0.78
21 27 0.47
21 39 0.47
39 21 0.48
40 21 0.32
21 40 0.47
24 27 0.65
27 24 0.78
24 34 0.65
34 24 0.55
24 40 0.65
40 24 0.32
34 27 0.55
27 34 0.78
