50  50
1 7 0.37
7 1 0.23
1 44 0.37
44 1 0.55
48 1 0.2
1 48 0.37
6 7 0.37
7 6 0.23
6 14 0.37
14 6 0.65
19 6 0.88
6 19 0.37
35 6 0.47
6 35 0.37
48 6 0.2
6 48 0.37
16 7 0.32
7 16 0.23
29 7 0.75
7 29 0.23
25 14 0.93
14 25 0.65
35 14 0.47
14 35 0.65
43 14 0.23
14 43 0.65
44 14 0.55
14 44 0.65
48 14 0.2
14 48 0.65
24 19 0.6
19 24 0.88
48 19 0.2
19 48 0.88
29 21 0.75
21 29 0.52
35 21 0.47
21 35 0.52
25 29 0.93
29 25 0.75
25 35 0.93
35 25 0.47
43 29 0.23
29 43 0.75
48 29 0.2
29 48 0.75
43 35 0.23
35 43 0.47
35 44 0.47
44 35 0.55
