50  198
1 7 0.5
7 1 0.25
1 13 0.5
13 1 0.83
1 14 0.5
14 1 0.72
3 5 0.82
5 3 0.88
3 14 0.82
14 3 0.72
3 23 0.82
23 3 0.23
3 29 0.82
29 3 0.55
3 30 0.82
30 3 0.53
43 3 0.62
3 43 0.82
3 45 0.82
45 3 0.25
3 46 0.82
46 3 0.88
48 3 0.68
3 48 0.82
5 7 0.88
7 5 0.25
27 5 0.67
5 27 0.88
40 5 0.48
5 40 0.88
42 5 0.45
5 42 0.88
45 5 0.25
5 45 0.88
6 14 0.2
14 6 0.72
14 7 0.72
7 14 0.25
8 13 0.37
13 8 0.83
8 14 0.37
14 8 0.72
11 22 0.3
22 11 0.8
18 13 0.65
13 18 0.83
21 13 0.23
13 21 0.83
29 13 0.55
13 29 0.83
13 30 0.83
30 13 0.53
43 13 0.62
13 43 0.83
44 13 0.42
13 44 0.83
45 13 0.25
13 45 0.83
13 46 0.83
46 13 0.88
48 13 0.68
13 48 0.83
14 15 0.72
15 14 0.45
14 23 0.72
23 14 0.23
14 30 0.72
30 14 0.53
46 14 0.88
14 46 0.72
48 14 0.68
14 48 0.72
48 17 0.68
17 48 0.4
19 45 0.53
45 19 0.25
49 21 0.4
21 49 0.23
22 23 0.8
23 22 0.23
44 22 0.42
22 44 0.8
46 22 0.88
22 46 0.8
24 23 0.68
23 24 0.23
25 23 0.38
23 25 0.23
27 23 0.67
23 27 0.23
28 23 0.82
23 28 0.23
29 23 0.55
23 29 0.23
30 23 0.53
23 30 0.23
31 23 0.32
23 31 0.23
32 23 0.97
23 32 0.23
35 23 0.93
23 35 0.23
36 23 0.32
23 36 0.23
40 23 0.48
23 40 0.23
43 23 0.62
23 43 0.23
46 23 0.88
23 46 0.23
48 23 0.68
23 48 0.23
50 23 0.85
23 50 0.23
24 46 0.68
46 24 0.88
25 46 0.38
46 25 0.88
26 30 0.45
30 26 0.53
26 44 0.45
44 26 0.42
40 27 0.48
27 40 0.67
27 44 0.67
44 27 0.42
27 46 0.67
46 27 0.88
48 27 0.68
27 48 0.67
28 44 0.82
44 28 0.42
28 46 0.82
46 28 0.88
40 29 0.48
29 40 0.55
43 29 0.62
29 43 0.55
44 29 0.42
29 44 0.55
45 29 0.25
29 45 0.55
29 46 0.55
46 29 0.88
48 29 0.68
29 48 0.55
32 30 0.97
30 32 0.53
34 30 0.38
30 34 0.53
36 30 0.32
30 36 0.53
38 30 0.52
30 38 0.53
40 30 0.48
30 40 0.53
48 30 0.68
30 48 0.53
40 31 0.48
31 40 0.32
50 31 0.85
31 50 0.32
32 44 0.97
44 32 0.42
32 46 0.97
46 32 0.88
34 46 0.38
46 34 0.88
35 46 0.93
46 35 0.88
36 46 0.32
46 36 0.88
43 38 0.62
38 43 0.52
45 38 0.25
38 45 0.52
48 38 0.68
38 48 0.52
40 43 0.48
43 40 0.62
40 45 0.48
45 40 0.25
43 44 0.62
44 43 0.42
43 45 0.62
45 43 0.25
48 43 0.68
43 48 0.62
50 44 0.85
44 50 0.42
45 46 0.25
46 45 0.88
48 45 0.68
45 48 0.25
48 46 0.68
46 48 0.88
50 46 0.85
46 50 0.88
