40  92
32 1 0.45
1 32 0.42
25 2 0.2
2 25 0.62
24 6 0.72
6 24 0.48
27 6 0.55
6 27 0.48
20 7 0.62
7 20 0.82
24 7 0.72
7 24 0.82
37 7 0.52
7 37 0.82
8 21 0.38
21 8 0.5
11 22 0.8
22 11 0.45
25 11 0.2
11 25 0.8
20 13 0.62
13 20 0.75
24 13 0.72
13 24 0.75
25 13 0.2
13 25 0.75
28 13 0.57
13 28 0.75
32 13 0.45
13 32 0.75
37 13 0.52
13 37 0.75
40 13 0.42
13 40 0.75
25 15 0.2
15 25 0.52
20 21 0.62
21 20 0.5
20 22 0.62
22 20 0.45
24 20 0.72
20 24 0.62
25 20 0.2
20 25 0.62
26 20 0.58
20 26 0.62
27 20 0.55
20 27 0.62
32 20 0.45
20 32 0.62
34 20 0.75
20 34 0.62
20 37 0.62
37 20 0.52
40 20 0.42
20 40 0.62
24 21 0.72
21 24 0.5
37 21 0.52
21 37 0.5
24 22 0.72
22 24 0.45
37 22 0.52
22 37 0.45
24 32 0.72
32 24 0.45
24 34 0.72
34 24 0.75
24 37 0.72
37 24 0.52
25 28 0.2
28 25 0.57
32 25 0.45
25 32 0.2
25 34 0.2
34 25 0.75
25 37 0.2
37 25 0.52
40 25 0.42
25 40 0.2
32 34 0.45
34 32 0.75
32 37 0.45
37 32 0.52
32 40 0.45
40 32 0.42
34 37 0.75
37 34 0.52
40 34 0.42
34 40 0.75
40 37 0.42
37 40 0.52
