40  62
24 1 0.7
1 24 0.5
32 1 0.52
1 32 0.5
40 1 0.58
1 40 0.5
3 29 0.58
29 3 0.55
26 4 0.35
4 26 0.57
29 5 0.55
5 29 0.48
24 6 0.7
6 24 0.62
32 6 0.52
6 32 0.62
29 7 0.55
7 29 0.4
9 19 0.53
19 9 0.93
9 29 0.53
29 9 0.55
10 26 0.37
26 10 0.35
10 29 0.37
29 10 0.55
10 39 0.37
39 10 0.42
29 13 0.55
13 29 0.73
29 15 0.55
15 29 0.32
27 19 0.55
19 27 0.93
34 19 0.45
19 34 0.93
19 39 0.93
39 19 0.42
24 29 0.7
29 24 0.55
24 32 0.7
32 24 0.52
25 26 0.9
26 25 0.35
26 27 0.35
27 26 0.55
26 29 0.35
29 26 0.55
26 34 0.35
34 26 0.45
26 35 0.35
35 26 0.48
32 29 0.52
29 32 0.55
29 39 0.55
39 29 0.42
40 29 0.58
29 40 0.55
32 40 0.52
40 32 0.58
34 39 0.45
39 34 0.42
