50  256
1 28 0.75
28 1 0.78
2 4 0.58
4 2 0.47
2 10 0.58
10 2 0.55
2 14 0.58
14 2 0.43
2 26 0.58
26 2 0.47
2 36 0.58
36 2 0.67
2 50 0.58
50 2 0.38
9 4 0.45
4 9 0.47
10 4 0.55
4 10 0.47
4 14 0.47
14 4 0.43
17 4 0.53
4 17 0.47
18 4 0.75
4 18 0.47
4 21 0.47
21 4 0.57
26 4 0.47
4 26 0.47
27 4 0.8
4 27 0.47
4 28 0.47
28 4 0.78
4 29 0.47
29 4 0.73
4 36 0.47
36 4 0.67
4 39 0.47
39 4 0.45
42 4 0.27
4 42 0.47
50 4 0.38
4 50 0.47
42 5 0.27
5 42 0.47
45 6 0.43
6 45 0.57
9 7 0.45
7 9 0.42
24 7 0.55
7 24 0.42
27 7 0.8
7 27 0.42
28 7 0.78
7 28 0.42
36 7 0.67
7 36 0.42
8 9 0.2
9 8 0.45
8 31 0.2
31 8 0.62
8 36 0.2
36 8 0.67
9 14 0.45
14 9 0.43
9 19 0.45
19 9 0.72
24 9 0.55
9 24 0.45
9 35 0.45
35 9 0.63
9 37 0.45
37 9 0.5
10 14 0.55
14 10 0.43
17 10 0.53
10 17 0.55
10 21 0.55
21 10 0.57
24 10 0.55
10 24 0.55
10 26 0.55
26 10 0.47
10 27 0.55
27 10 0.8
10 28 0.55
28 10 0.78
10 29 0.55
29 10 0.73
10 36 0.55
36 10 0.67
41 10 0.77
10 41 0.55
10 42 0.55
42 10 0.27
10 50 0.55
50 10 0.38
17 14 0.53
14 17 0.43
18 14 0.75
14 18 0.43
21 14 0.57
14 21 0.43
14 23 0.43
23 14 0.97
26 14 0.47
14 26 0.43
28 14 0.78
14 28 0.43
29 14 0.73
14 29 0.43
41 14 0.77
14 41 0.43
42 14 0.27
14 42 0.43
50 14 0.38
14 50 0.43
24 15 0.55
15 24 0.63
27 15 0.8
15 27 0.63
28 15 0.78
15 28 0.63
16 17 0.83
17 16 0.53
16 24 0.83
24 16 0.55
16 28 0.83
28 16 0.78
16 36 0.83
36 16 0.67
17 21 0.53
21 17 0.57
17 22 0.53
22 17 0.3
24 17 0.55
17 24 0.53
17 29 0.53
29 17 0.73
17 35 0.53
35 17 0.63
17 41 0.53
41 17 0.77
17 42 0.53
42 17 0.27
17 50 0.53
50 17 0.38
24 19 0.55
19 24 0.72
24 21 0.55
21 24 0.57
26 21 0.47
21 26 0.57
27 21 0.8
21 27 0.57
28 21 0.78
21 28 0.57
29 21 0.73
21 29 0.57
36 21 0.67
21 36 0.57
41 21 0.77
21 41 0.57
42 21 0.27
21 42 0.57
50 21 0.38
21 50 0.57
24 22 0.55
22 24 0.3
27 22 0.8
22 27 0.3
28 22 0.78
22 28 0.3
24 26 0.55
26 24 0.47
24 28 0.55
28 24 0.78
24 29 0.55
29 24 0.73
24 34 0.55
34 24 0.93
24 35 0.55
35 24 0.63
24 41 0.55
41 24 0.77
24 42 0.55
42 24 0.27
24 45 0.55
45 24 0.43
24 46 0.55
46 24 0.48
24 50 0.55
50 24 0.38
25 28 0.32
28 25 0.78
26 28 0.47
28 26 0.78
26 29 0.47
29 26 0.73
26 36 0.47
36 26 0.67
41 26 0.77
26 41 0.47
26 42 0.47
42 26 0.27
26 50 0.47
50 26 0.38
27 28 0.8
28 27 0.78
27 29 0.8
29 27 0.73
27 36 0.8
36 27 0.67
28 29 0.78
29 28 0.73
35 28 0.63
28 35 0.78
28 36 0.78
36 28 0.67
41 28 0.77
28 41 0.78
42 28 0.27
28 42 0.78
28 46 0.78
46 28 0.48
50 28 0.38
28 50 0.78
41 29 0.77
29 41 0.73
42 29 0.27
29 42 0.73
50 29 0.38
29 50 0.73
36 37 0.67
37 36 0.5
36 39 0.67
39 36 0.45
41 36 0.77
36 41 0.67
42 36 0.27
36 42 0.67
36 45 0.67
45 36 0.43
36 46 0.67
46 36 0.48
50 36 0.38
36 50 0.67
37 39 0.5
39 37 0.45
46 39 0.48
39 46 0.45
41 42 0.77
42 41 0.27
41 50 0.77
50 41 0.38
42 50 0.27
50 42 0.38
