30  50
3 15 0.5
15 3 0.82
4 15 0.38
15 4 0.82
4 20 0.38
20 4 0.45
4 21 0.38
21 4 0.32
9 10 0.43
10 9 0.53
9 11 0.43
11 9 0.5
9 25 0.43
25 9 0.27
10 11 0.53
11 10 0.5
10 14 0.53
14 10 0.6
10 15 0.53
15 10 0.82
10 27 0.53
27 10 0.43
11 14 0.5
14 11 0.6
11 15 0.5
15 11 0.82
27 11 0.43
11 27 0.5
14 15 0.6
15 14 0.82
21 14 0.32
14 21 0.6
24 14 0.68
14 24 0.6
25 14 0.27
14 25 0.6
26 14 0.33
14 26 0.6
27 14 0.43
14 27 0.6
19 15 0.43
15 19 0.82
21 15 0.32
15 21 0.82
24 15 0.68
15 24 0.82
25 15 0.27
15 25 0.82
27 15 0.43
15 27 0.82
