50  272
1 4 0.72
4 1 0.4
1 5 0.72
5 1 0.27
1 9 0.72
9 1 0.48
1 15 0.72
15 1 0.47
1 20 0.72
20 1 0.58
1 28 0.72
28 1 0.48
1 31 0.72
31 1 0.98
32 1 0.7
1 32 0.72
40 1 0.6
1 40 0.72
1 43 0.72
43 1 0.93
1 47 0.72
47 1 0.2
3 5 0.35
5 3 0.27
3 15 0.35
15 3 0.47
3 20 0.35
20 3 0.58
3 28 0.35
28 3 0.48
3 31 0.35
31 3 0.98
40 3 0.6
3 40 0.35
4 5 0.4
5 4 0.27
4 6 0.4
6 4 0.3
17 4 0.42
4 17 0.4
4 20 0.4
20 4 0.58
4 23 0.4
23 4 0.63
25 4 0.35
4 25 0.4
4 28 0.4
28 4 0.48
40 4 0.6
4 40 0.4
20 5 0.58
5 20 0.27
28 5 0.48
5 28 0.27
32 5 0.7
5 32 0.27
40 5 0.6
5 40 0.27
5 47 0.27
47 5 0.2
6 15 0.3
15 6 0.47
6 31 0.3
31 6 0.98
32 6 0.7
6 32 0.3
44 6 0.63
6 44 0.3
20 7 0.58
7 20 0.63
31 7 0.98
7 31 0.63
32 7 0.7
7 32 0.63
8 32 0.53
32 8 0.7
9 15 0.48
15 9 0.47
9 28 0.48
28 9 0.48
9 31 0.48
31 9 0.98
32 9 0.7
9 32 0.48
40 9 0.6
9 40 0.48
9 43 0.48
43 9 0.93
9 47 0.48
47 9 0.2
10 31 0.35
31 10 0.98
32 10 0.7
10 32 0.35
10 50 0.35
50 10 0.78
11 21 0.92
21 11 0.4
11 28 0.92
28 11 0.48
13 15 0.88
15 13 0.47
13 31 0.88
31 13 0.98
32 13 0.7
13 32 0.88
14 31 0.82
31 14 0.98
38 14 0.17
14 38 0.82
14 47 0.82
47 14 0.2
17 15 0.42
15 17 0.47
25 15 0.35
15 25 0.47
27 15 0.55
15 27 0.47
28 15 0.48
15 28 0.47
30 15 0.28
15 30 0.47
31 15 0.98
15 31 0.47
32 15 0.7
15 32 0.47
33 15 0.9
15 33 0.47
40 15 0.6
15 40 0.47
43 15 0.93
15 43 0.47
44 15 0.63
15 44 0.47
46 15 0.77
15 46 0.47
47 15 0.2
15 47 0.47
48 15 0.33
15 48 0.47
49 15 0.62
15 49 0.47
50 15 0.78
15 50 0.47
16 19 0.62
19 16 0.8
16 32 0.62
32 16 0.7
32 17 0.7
17 32 0.42
17 39 0.42
39 17 0.4
17 44 0.42
44 17 0.63
17 50 0.42
50 17 0.78
27 20 0.55
20 27 0.58
20 29 0.58
29 20 0.73
20 30 0.58
30 20 0.28
20 31 0.58
31 20 0.98
32 20 0.7
20 32 0.58
33 20 0.9
20 33 0.58
40 20 0.6
20 40 0.58
43 20 0.93
20 43 0.58
20 46 0.58
46 20 0.77
48 20 0.33
20 48 0.58
50 20 0.78
20 50 0.58
32 23 0.7
23 32 0.63
44 23 0.63
23 44 0.63
25 31 0.35
31 25 0.98
32 25 0.7
25 32 0.35
25 44 0.35
44 25 0.63
27 31 0.55
31 27 0.98
32 27 0.7
27 32 0.55
27 44 0.55
44 27 0.63
28 31 0.48
31 28 0.98
32 28 0.7
28 32 0.48
40 28 0.6
28 40 0.48
43 28 0.93
28 43 0.48
28 44 0.48
44 28 0.63
28 47 0.48
47 28 0.2
29 31 0.73
31 29 0.98
32 29 0.7
29 32 0.73
30 31 0.28
31 30 0.98
32 30 0.7
30 32 0.28
44 30 0.63
30 44 0.28
32 31 0.7
31 32 0.98
40 31 0.6
31 40 0.98
43 31 0.93
31 43 0.98
44 31 0.63
31 44 0.98
46 31 0.77
31 46 0.98
47 31 0.2
31 47 0.98
48 31 0.33
31 48 0.98
49 31 0.62
31 49 0.98
50 31 0.78
31 50 0.98
32 33 0.7
33 32 0.9
32 40 0.7
40 32 0.6
32 43 0.7
43 32 0.93
32 44 0.7
44 32 0.63
32 46 0.7
46 32 0.77
32 47 0.7
47 32 0.2
32 48 0.7
48 32 0.33
32 49 0.7
49 32 0.62
32 50 0.7
50 32 0.78
34 38 0.73
38 34 0.17
36 44 0.82
44 36 0.63
40 43 0.6
43 40 0.93
40 44 0.6
44 40 0.63
40 47 0.6
47 40 0.2
43 47 0.93
47 43 0.2
44 46 0.63
46 44 0.77
44 47 0.63
47 44 0.2
48 44 0.33
44 48 0.63
49 44 0.62
44 49 0.63
