50  202
1 4 0.47
4 1 0.6
1 7 0.47
7 1 0.42
1 12 0.47
12 1 0.28
1 15 0.47
15 1 0.72
16 1 0.2
1 16 0.47
1 17 0.47
17 1 0.58
1 18 0.47
18 1 0.32
1 19 0.47
19 1 0.83
1 21 0.47
21 1 0.32
24 1 0.57
1 24 0.47
1 26 0.47
26 1 0.35
1 27 0.47
27 1 0.57
1 28 0.47
28 1 0.38
1 34 0.47
34 1 0.37
1 35 0.47
35 1 0.77
1 39 0.47
39 1 0.65
40 1 0.9
1 40 0.47
1 42 0.47
42 1 0.8
1 45 0.47
45 1 0.37
1 46 0.47
46 1 0.77
1 47 0.47
47 1 0.43
1 49 0.47
49 1 0.48
1 50 0.47
50 1 0.83
3 12 0.28
12 3 0.28
16 3 0.2
3 16 0.28
17 3 0.58
3 17 0.28
40 3 0.9
3 40 0.28
42 3 0.8
3 42 0.28
3 45 0.28
45 3 0.37
16 4 0.2
4 16 0.6
4 21 0.6
21 4 0.32
26 4 0.35
4 26 0.6
4 28 0.6
28 4 0.38
34 4 0.37
4 34 0.6
35 4 0.77
4 35 0.6
42 4 0.8
4 42 0.6
4 45 0.6
45 4 0.37
4 47 0.6
47 4 0.43
49 4 0.48
4 49 0.6
28 6 0.38
6 28 0.82
27 7 0.57
7 27 0.42
8 37 0.5
37 8 0.4
8 40 0.5
40 8 0.9
12 31 0.28
31 12 0.62
28 14 0.38
14 28 0.73
49 14 0.48
14 49 0.73
16 24 0.2
24 16 0.57
16 26 0.2
26 16 0.35
16 35 0.2
35 16 0.77
16 45 0.2
45 16 0.37
16 49 0.2
49 16 0.48
49 18 0.48
18 49 0.32
49 20 0.48
20 49 0.47
27 21 0.57
21 27 0.32
34 21 0.37
21 34 0.32
42 21 0.8
21 42 0.32
45 21 0.37
21 45 0.32
49 21 0.48
21 49 0.32
24 25 0.57
25 24 0.75
24 26 0.57
26 24 0.35
24 27 0.57
27 24 0.57
24 34 0.57
34 24 0.37
24 42 0.57
42 24 0.8
24 49 0.57
49 24 0.48
26 27 0.35
27 26 0.57
26 31 0.35
31 26 0.62
26 34 0.35
34 26 0.37
26 42 0.35
42 26 0.8
27 28 0.57
28 27 0.38
35 27 0.77
27 35 0.57
42 27 0.8
27 42 0.57
27 45 0.57
45 27 0.37
27 47 0.57
47 27 0.43
32 28 0.43
28 32 0.38
34 28 0.37
28 34 0.38
28 37 0.38
37 28 0.4
28 39 0.38
39 28 0.65
42 28 0.8
28 42 0.38
28 45 0.38
45 28 0.37
49 28 0.48
28 49 0.38
50 28 0.83
28 50 0.38
49 29 0.48
29 49 0.4
34 35 0.37
35 34 0.77
34 43 0.37
43 34 0.97
34 45 0.37
45 34 0.37
34 47 0.37
47 34 0.43
49 34 0.48
34 49 0.37
42 35 0.8
35 42 0.77
35 45 0.77
45 35 0.37
49 35 0.48
35 49 0.77
49 37 0.48
37 49 0.4
40 49 0.9
49 40 0.48
41 43 0.48
43 41 0.97
42 43 0.8
43 42 0.97
42 45 0.8
45 42 0.37
42 47 0.8
47 42 0.43
49 42 0.48
42 49 0.8
45 47 0.37
47 45 0.43
49 45 0.48
45 49 0.37
49 47 0.48
47 49 0.43
49 50 0.48
50 49 0.83
