50  170
17 2 0.57
2 17 0.48
2 37 0.48
37 2 0.7
17 5 0.57
5 17 0.3
20 5 0.45
5 20 0.3
5 23 0.3
23 5 0.5
5 30 0.3
30 5 0.42
37 5 0.7
5 37 0.3
5 39 0.3
39 5 0.85
5 47 0.3
47 5 0.0
49 5 0.25
5 49 0.3
50 5 0.55
5 50 0.3
24 10 0.4
10 24 0.48
10 26 0.48
26 10 0.9
10 29 0.48
29 10 0.83
10 36 0.48
36 10 0.52
11 37 0.57
37 11 0.7
24 13 0.4
13 24 0.33
34 13 0.52
13 34 0.33
41 13 0.6
13 41 0.33
43 13 0.3
13 43 0.33
13 46 0.33
46 13 0.22
14 15 0.63
15 14 0.2
17 14 0.57
14 17 0.63
14 22 0.63
22 14 0.45
24 14 0.4
14 24 0.63
14 30 0.63
30 14 0.42
37 14 0.7
14 37 0.63
40 14 0.52
14 40 0.63
14 47 0.63
47 14 0.0
48 14 0.82
14 48 0.63
50 14 0.55
14 50 0.63
17 15 0.57
15 17 0.2
22 15 0.45
15 22 0.2
30 15 0.42
15 30 0.2
40 15 0.52
15 40 0.2
50 15 0.55
15 50 0.2
17 22 0.57
22 17 0.45
24 17 0.4
17 24 0.57
17 30 0.57
30 17 0.42
17 39 0.57
39 17 0.85
40 17 0.52
17 40 0.57
17 47 0.57
47 17 0.0
17 50 0.57
50 17 0.55
24 19 0.4
19 24 0.75
19 36 0.75
36 19 0.52
34 21 0.52
21 34 0.55
37 21 0.7
21 37 0.55
21 46 0.55
46 21 0.22
22 30 0.45
30 22 0.42
35 23 0.65
23 35 0.5
46 23 0.22
23 46 0.5
24 26 0.4
26 24 0.9
24 30 0.4
30 24 0.42
24 31 0.4
31 24 0.32
24 32 0.4
32 24 0.88
24 35 0.4
35 24 0.65
24 37 0.4
37 24 0.7
24 42 0.4
42 24 0.32
24 43 0.4
43 24 0.3
24 44 0.4
44 24 0.25
25 37 0.37
37 25 0.7
26 35 0.9
35 26 0.65
26 46 0.9
46 26 0.22
42 27 0.32
27 42 0.37
27 46 0.37
46 27 0.22
50 27 0.55
27 50 0.37
28 44 0.62
44 28 0.25
28 46 0.62
46 28 0.22
40 30 0.52
30 40 0.42
30 47 0.42
47 30 0.0
50 30 0.55
30 50 0.42
46 31 0.22
31 46 0.32
32 37 0.88
37 32 0.7
35 36 0.65
36 35 0.52
36 46 0.52
46 36 0.22
43 38 0.3
38 43 0.63
50 39 0.55
39 50 0.85
40 50 0.52
50 40 0.55
41 44 0.6
44 41 0.25
41 45 0.6
45 41 0.6
41 46 0.6
46 41 0.22
43 44 0.3
44 43 0.25
43 45 0.3
45 43 0.6
44 45 0.25
45 44 0.6
44 46 0.25
46 44 0.22
