30  80
1 5 0.97
5 1 0.32
16 1 0.48
1 16 0.97
1 25 0.97
25 1 0.68
1 26 0.97
26 1 0.53
1 27 0.97
27 1 0.23
1 29 0.97
29 1 0.48
2 15 0.57
15 2 0.42
16 2 0.48
2 16 0.57
2 23 0.57
23 2 0.87
16 3 0.48
3 16 0.83
16 4 0.48
4 16 0.37
16 5 0.48
5 16 0.32
18 5 0.48
5 18 0.32
25 5 0.68
5 25 0.32
26 5 0.53
5 26 0.32
27 5 0.23
5 27 0.32
29 5 0.48
5 29 0.32
27 7 0.23
7 27 0.9
9 25 0.73
25 9 0.68
9 27 0.73
27 9 0.23
25 10 0.68
10 25 0.88
10 27 0.88
27 10 0.23
16 13 0.48
13 16 0.83
27 14 0.23
14 27 0.5
28 14 0.35
14 28 0.5
16 15 0.48
15 16 0.42
16 18 0.48
18 16 0.48
16 21 0.48
21 16 0.72
16 23 0.48
23 16 0.87
16 26 0.48
26 16 0.53
16 27 0.48
27 16 0.23
16 29 0.48
29 16 0.48
16 30 0.48
30 16 0.58
18 26 0.48
26 18 0.53
18 29 0.48
29 18 0.48
25 26 0.68
26 25 0.53
25 27 0.68
27 25 0.23
26 27 0.53
27 26 0.23
26 29 0.53
29 26 0.48
27 29 0.23
29 27 0.48
