50  70
4 5 0.82
5 4 0.62
16 4 0.35
4 16 0.82
26 4 0.13
4 26 0.82
48 4 0.47
4 48 0.82
48 5 0.47
5 48 0.62
50 5 0.25
5 50 0.62
16 9 0.35
9 16 0.43
9 23 0.43
23 9 0.5
16 10 0.35
10 16 0.53
10 23 0.53
23 10 0.5
10 34 0.53
34 10 0.45
10 45 0.53
45 10 0.7
16 13 0.35
13 16 0.45
13 23 0.45
23 13 0.5
33 13 0.88
13 33 0.45
16 20 0.35
20 16 0.35
16 23 0.35
23 16 0.5
16 26 0.35
26 16 0.13
16 29 0.35
29 16 0.75
16 34 0.35
34 16 0.45
16 37 0.35
37 16 0.48
16 38 0.35
38 16 0.58
16 50 0.35
50 16 0.25
20 23 0.35
23 20 0.5
33 20 0.88
20 33 0.35
25 23 0.53
23 25 0.5
26 23 0.13
23 26 0.5
29 23 0.75
23 29 0.5
34 23 0.45
23 34 0.5
37 23 0.48
23 37 0.5
46 23 0.42
23 46 0.5
50 23 0.25
23 50 0.5
25 33 0.53
33 25 0.88
26 50 0.13
50 26 0.25
48 50 0.47
50 48 0.25
