50  74
1 4 0.52
4 1 0.48
1 5 0.52
5 1 0.33
1 13 0.52
13 1 0.9
1 25 0.52
25 1 0.78
32 1 0.62
1 32 0.52
1 38 0.52
38 1 0.55
1 41 0.52
41 1 0.28
4 13 0.48
13 4 0.9
32 4 0.62
4 32 0.48
4 38 0.48
38 4 0.55
41 4 0.28
4 41 0.48
4 46 0.48
46 4 0.58
48 4 0.62
4 48 0.48
13 5 0.9
5 13 0.33
32 5 0.62
5 32 0.33
34 5 0.77
5 34 0.33
5 38 0.33
38 5 0.55
41 5 0.28
5 41 0.33
5 46 0.33
46 5 0.58
32 12 0.62
12 32 0.35
25 13 0.78
13 25 0.9
32 13 0.62
13 32 0.9
13 38 0.9
38 13 0.55
41 13 0.28
13 41 0.9
13 46 0.9
46 13 0.58
32 14 0.62
14 32 0.53
32 25 0.62
25 32 0.78
32 27 0.62
27 32 0.82
32 28 0.62
28 32 0.57
32 38 0.62
38 32 0.55
32 43 0.62
43 32 0.33
32 46 0.62
46 32 0.58
32 49 0.62
49 32 0.77
41 38 0.28
38 41 0.55
46 38 0.58
38 46 0.55
41 46 0.28
46 41 0.58
45 46 0.83
46 45 0.58
