40  68
8 2 0.68
2 8 0.37
2 34 0.37
34 2 0.63
25 5 0.42
5 25 0.68
34 6 0.63
6 34 0.35
6 39 0.35
39 6 0.27
8 9 0.68
9 8 0.97
8 14 0.68
14 8 0.35
8 16 0.68
16 8 0.45
8 25 0.68
25 8 0.42
8 26 0.68
26 8 0.45
8 33 0.68
33 8 0.55
8 34 0.68
34 8 0.63
8 37 0.68
37 8 0.27
8 40 0.68
40 8 0.58
9 11 0.97
11 9 0.35
16 10 0.45
10 16 0.55
25 10 0.42
10 25 0.55
25 11 0.42
11 25 0.35
16 13 0.45
13 16 0.35
20 13 0.73
13 20 0.35
25 13 0.42
13 25 0.35
34 13 0.63
13 34 0.35
25 14 0.42
14 25 0.35
16 25 0.45
25 16 0.42
16 33 0.45
33 16 0.55
16 37 0.45
37 16 0.27
20 39 0.73
39 20 0.27
25 26 0.42
26 25 0.45
25 28 0.42
28 25 0.45
25 33 0.42
33 25 0.55
25 38 0.42
38 25 0.87
33 28 0.55
28 33 0.45
33 34 0.55
34 33 0.63
33 38 0.55
38 33 0.87
