40  70
1 2 0.58
2 1 0.2
2 15 0.2
15 2 0.3
33 2 0.55
2 33 0.2
3 39 0.48
39 3 0.53
26 5 0.9
5 26 0.62
27 5 0.53
5 27 0.62
11 13 0.97
13 11 0.7
17 11 0.67
11 17 0.97
19 11 0.5
11 19 0.97
11 22 0.97
22 11 0.63
27 11 0.53
11 27 0.97
11 38 0.97
38 11 0.95
40 11 0.85
11 40 0.97
17 13 0.67
13 17 0.7
27 13 0.53
13 27 0.7
33 13 0.55
13 33 0.7
17 22 0.67
22 17 0.63
17 25 0.67
25 17 0.32
17 27 0.67
27 17 0.53
17 29 0.67
29 17 0.5
17 33 0.67
33 17 0.55
17 37 0.67
37 17 0.23
17 38 0.67
38 17 0.95
40 17 0.85
17 40 0.67
27 22 0.53
22 27 0.63
33 22 0.55
22 33 0.63
24 27 0.83
27 24 0.53
25 27 0.32
27 25 0.53
25 33 0.32
33 25 0.55
33 27 0.55
27 33 0.53
27 37 0.53
37 27 0.23
40 27 0.85
27 40 0.53
33 29 0.55
29 33 0.5
33 38 0.55
38 33 0.95
40 33 0.85
33 40 0.55
