40  158
16 1 0.22
1 16 0.42
1 18 0.42
18 1 0.4
1 20 0.42
20 1 0.37
1 27 0.42
27 1 0.73
1 37 0.42
37 1 0.37
40 1 0.7
1 40 0.42
16 3 0.22
3 16 0.58
27 3 0.73
3 27 0.58
16 4 0.22
4 16 0.32
17 4 0.33
4 17 0.32
4 20 0.32
20 4 0.37
26 4 0.78
4 26 0.32
4 31 0.32
31 4 0.78
40 4 0.7
4 40 0.32
35 5 0.2
5 35 0.5
24 6 0.43
6 24 0.28
26 6 0.78
6 26 0.28
9 15 0.78
15 9 0.6
16 9 0.22
9 16 0.78
9 18 0.78
18 9 0.4
9 19 0.78
19 9 0.6
9 20 0.78
20 9 0.37
9 26 0.78
26 9 0.78
9 37 0.78
37 9 0.37
40 9 0.7
9 40 0.78
19 14 0.6
14 19 0.55
14 22 0.55
22 14 0.83
20 15 0.37
15 20 0.6
34 15 0.38
15 34 0.6
16 18 0.22
18 16 0.4
16 19 0.22
19 16 0.6
16 20 0.22
20 16 0.37
16 21 0.22
21 16 0.4
16 24 0.22
24 16 0.43
16 26 0.22
26 16 0.78
16 28 0.22
28 16 0.72
16 29 0.22
29 16 0.38
16 33 0.22
33 16 0.53
16 34 0.22
34 16 0.38
16 35 0.22
35 16 0.2
16 36 0.22
36 16 0.52
16 37 0.22
37 16 0.37
16 38 0.22
38 16 0.47
16 40 0.22
40 16 0.7
18 19 0.4
19 18 0.6
18 20 0.4
20 18 0.37
24 18 0.43
18 24 0.4
18 26 0.4
26 18 0.78
18 27 0.4
27 18 0.73
18 37 0.4
37 18 0.37
40 18 0.7
18 40 0.4
19 20 0.6
20 19 0.37
19 22 0.6
22 19 0.83
24 19 0.43
19 24 0.6
26 19 0.78
19 26 0.6
19 37 0.6
37 19 0.37
40 19 0.7
19 40 0.6
20 22 0.37
22 20 0.83
26 20 0.78
20 26 0.37
27 20 0.73
20 27 0.37
20 37 0.37
37 20 0.37
40 20 0.7
20 40 0.37
26 21 0.78
21 26 0.4
26 22 0.78
22 26 0.83
24 28 0.43
28 24 0.72
24 33 0.43
33 24 0.53
24 35 0.43
35 24 0.2
24 36 0.43
36 24 0.52
24 37 0.43
37 24 0.37
24 38 0.43
38 24 0.47
26 28 0.78
28 26 0.72
33 26 0.53
26 33 0.78
26 37 0.78
37 26 0.37
40 26 0.7
26 40 0.78
35 27 0.2
27 35 0.73
27 37 0.73
37 27 0.37
27 38 0.73
38 27 0.47
34 36 0.38
36 34 0.52
40 37 0.7
37 40 0.37
