50  126
1 2 0.67
2 1 0.52
1 7 0.67
7 1 0.4
8 1 0.47
1 8 0.67
1 11 0.67
11 1 0.63
1 17 0.67
17 1 0.2
1 20 0.67
20 1 0.4
1 26 0.67
26 1 0.47
1 27 0.67
27 1 0.47
1 29 0.67
29 1 0.82
1 30 0.67
30 1 0.6
1 33 0.67
33 1 0.45
1 34 0.67
34 1 0.43
1 35 0.67
35 1 0.32
1 36 0.67
36 1 0.35
1 37 0.67
37 1 0.97
1 39 0.67
39 1 0.52
1 41 0.67
41 1 0.33
11 3 0.63
3 11 0.63
3 12 0.63
12 3 0.43
17 3 0.2
3 17 0.63
3 29 0.63
29 3 0.82
34 3 0.43
3 34 0.63
3 37 0.63
37 3 0.97
3 45 0.63
45 3 0.38
10 4 0.48
4 10 0.85
26 4 0.47
4 26 0.85
4 38 0.85
38 4 0.47
8 34 0.47
34 8 0.43
10 39 0.48
39 10 0.52
10 50 0.48
50 10 0.4
17 11 0.2
11 17 0.63
11 20 0.63
20 11 0.4
26 11 0.47
11 26 0.63
11 29 0.63
29 11 0.82
34 11 0.43
11 34 0.63
11 37 0.63
37 11 0.97
11 45 0.63
45 11 0.38
34 12 0.43
12 34 0.43
35 13 0.32
13 35 0.55
17 26 0.2
26 17 0.47
17 29 0.2
29 17 0.82
17 34 0.2
34 17 0.43
17 37 0.2
37 17 0.97
17 45 0.2
45 17 0.38
34 19 0.43
19 34 0.53
26 20 0.47
20 26 0.4
20 37 0.4
37 20 0.97
20 45 0.4
45 20 0.38
26 21 0.47
21 26 0.98
26 29 0.47
29 26 0.82
26 34 0.47
34 26 0.43
26 37 0.47
37 26 0.97
26 45 0.47
45 26 0.38
26 50 0.47
50 26 0.4
34 29 0.43
29 34 0.82
37 29 0.97
29 37 0.82
45 29 0.38
29 45 0.82
34 30 0.43
30 34 0.6
34 35 0.43
35 34 0.32
34 36 0.43
36 34 0.35
34 37 0.43
37 34 0.97
45 37 0.38
37 45 0.97
41 50 0.33
50 41 0.4
