40  68
1 15 0.4
15 1 0.32
1 27 0.4
27 1 0.57
1 39 0.4
39 1 0.82
2 6 0.27
6 2 0.45
5 6 0.57
6 5 0.45
11 5 0.35
5 11 0.57
20 5 0.6
5 20 0.57
25 5 0.77
5 25 0.57
27 5 0.57
5 27 0.57
5 39 0.57
39 5 0.82
6 15 0.45
15 6 0.32
21 6 0.7
6 21 0.45
25 6 0.77
6 25 0.45
27 6 0.57
6 27 0.45
34 6 0.6
6 34 0.45
37 6 0.17
6 37 0.45
6 39 0.45
39 6 0.82
10 15 0.57
15 10 0.32
10 18 0.57
18 10 0.78
10 34 0.57
34 10 0.6
10 39 0.57
39 10 0.82
27 11 0.57
11 27 0.35
18 14 0.78
14 18 0.62
18 15 0.78
15 18 0.32
27 15 0.57
15 27 0.32
39 15 0.82
15 39 0.32
18 27 0.78
27 18 0.57
18 34 0.78
34 18 0.6
18 39 0.78
39 18 0.82
25 27 0.77
27 25 0.57
34 27 0.6
27 34 0.57
27 37 0.57
37 27 0.17
27 39 0.57
39 27 0.82
34 39 0.6
39 34 0.82
