30  76
3 22 0.37
22 3 0.55
11 4 0.5
4 11 0.7
4 22 0.7
22 4 0.55
11 5 0.5
5 11 0.52
11 7 0.5
7 11 0.48
17 7 0.52
7 17 0.48
22 7 0.55
7 22 0.48
9 12 0.58
12 9 0.47
9 22 0.58
22 9 0.55
9 28 0.58
28 9 0.45
10 11 0.82
11 10 0.5
10 13 0.82
13 10 0.47
10 14 0.82
14 10 0.82
10 15 0.82
15 10 0.72
16 10 0.88
10 16 0.82
17 10 0.52
10 17 0.82
10 19 0.82
19 10 0.67
10 20 0.82
20 10 0.48
10 22 0.82
22 10 0.55
11 12 0.5
12 11 0.47
17 11 0.52
11 17 0.5
19 11 0.67
11 19 0.5
11 20 0.5
20 11 0.48
11 22 0.5
22 11 0.55
25 11 0.8
11 25 0.5
11 29 0.5
29 11 0.97
12 22 0.47
22 12 0.55
25 12 0.8
12 25 0.47
17 13 0.52
13 17 0.47
17 14 0.52
14 17 0.82
16 17 0.88
17 16 0.52
17 19 0.52
19 17 0.67
17 22 0.52
22 17 0.55
19 22 0.67
22 19 0.55
25 22 0.8
22 25 0.55
28 22 0.45
22 28 0.55
25 28 0.8
28 25 0.45
26 28 0.63
28 26 0.45
