40  118
40 1 0.68
1 40 0.43
2 18 0.63
18 2 0.4
34 3 0.45
3 34 0.27
9 5 0.42
5 9 0.58
18 5 0.4
5 18 0.58
5 39 0.58
39 5 0.62
34 6 0.45
6 34 0.42
18 7 0.4
7 18 0.73
8 18 0.37
18 8 0.4
8 35 0.37
35 8 0.25
9 18 0.42
18 9 0.4
9 37 0.42
37 9 0.78
9 39 0.42
39 9 0.62
10 23 0.72
23 10 0.57
16 13 0.47
13 16 0.42
18 13 0.4
13 18 0.42
13 23 0.42
23 13 0.57
24 13 0.33
13 24 0.42
28 13 0.57
13 28 0.42
13 30 0.42
30 13 0.35
16 14 0.47
14 16 0.88
18 14 0.4
14 18 0.88
16 18 0.47
18 16 0.4
16 23 0.47
23 16 0.57
16 24 0.47
24 16 0.33
16 27 0.47
27 16 0.42
16 28 0.47
28 16 0.57
16 30 0.47
30 16 0.35
16 36 0.47
36 16 0.88
17 18 0.3
18 17 0.4
17 37 0.3
37 17 0.78
18 19 0.4
19 18 0.58
18 21 0.4
21 18 0.4
18 23 0.4
23 18 0.57
24 18 0.33
18 24 0.4
25 18 0.35
18 25 0.4
18 28 0.4
28 18 0.57
18 29 0.4
29 18 0.62
18 30 0.4
30 18 0.35
18 34 0.4
34 18 0.45
18 39 0.4
39 18 0.62
40 18 0.68
18 40 0.4
34 19 0.45
19 34 0.58
35 19 0.25
19 35 0.58
19 37 0.58
37 19 0.78
34 21 0.45
21 34 0.4
28 23 0.57
23 28 0.57
30 23 0.35
23 30 0.57
24 28 0.33
28 24 0.57
24 34 0.33
34 24 0.45
25 34 0.35
34 25 0.45
27 30 0.42
30 27 0.35
28 30 0.57
30 28 0.35
34 28 0.45
28 34 0.57
34 29 0.45
29 34 0.62
37 29 0.78
29 37 0.62
36 30 0.88
30 36 0.35
32 34 0.72
34 32 0.45
32 37 0.72
37 32 0.78
