50  94
1 36 0.62
36 1 0.48
1 38 0.62
38 1 0.48
9 3 0.45
3 9 0.87
3 20 0.87
20 3 0.47
40 3 0.45
3 40 0.87
40 5 0.45
5 40 0.78
28 7 0.43
7 28 0.45
48 7 0.3
7 48 0.45
9 12 0.45
12 9 0.77
9 13 0.45
13 9 0.85
9 20 0.45
20 9 0.47
9 27 0.45
27 9 0.55
9 33 0.45
33 9 0.5
40 9 0.45
9 40 0.45
9 43 0.45
43 9 0.68
48 9 0.3
9 48 0.45
33 12 0.5
12 33 0.77
20 13 0.47
13 20 0.85
27 13 0.55
13 27 0.85
33 13 0.5
13 33 0.85
40 13 0.45
13 40 0.85
43 13 0.68
13 43 0.85
48 13 0.3
13 48 0.85
27 20 0.55
20 27 0.47
33 20 0.5
20 33 0.47
40 20 0.45
20 40 0.47
43 20 0.68
20 43 0.47
48 20 0.3
20 48 0.47
36 22 0.48
22 36 0.27
26 28 0.52
28 26 0.43
33 27 0.5
27 33 0.55
40 27 0.45
27 40 0.55
43 27 0.68
27 43 0.55
48 27 0.3
27 48 0.55
28 36 0.43
36 28 0.48
49 28 0.43
28 49 0.43
40 33 0.45
33 40 0.5
33 43 0.5
43 33 0.68
48 33 0.3
33 48 0.5
48 36 0.3
36 48 0.48
48 39 0.3
39 48 0.5
40 43 0.45
43 40 0.68
40 48 0.45
48 40 0.3
48 43 0.3
43 48 0.68
48 45 0.3
45 48 0.37
48 47 0.3
47 48 0.72
48 49 0.3
49 48 0.43
