50  96
1 31 0.77
31 1 0.83
48 1 0.42
1 48 0.77
1 50 0.77
50 1 0.53
48 4 0.42
4 48 0.73
48 5 0.42
5 48 0.22
23 7 0.25
7 23 0.53
8 39 0.93
39 8 0.47
8 48 0.93
48 8 0.42
9 23 0.62
23 9 0.25
48 9 0.42
9 48 0.62
12 23 0.82
23 12 0.25
48 12 0.42
12 48 0.82
48 13 0.42
13 48 0.48
28 15 0.62
15 28 0.4
48 15 0.42
15 48 0.4
16 33 0.85
33 16 0.3
16 37 0.85
37 16 0.47
17 39 0.35
39 17 0.47
48 17 0.42
17 48 0.35
18 23 0.78
23 18 0.25
48 18 0.42
18 48 0.78
49 19 0.67
19 49 0.55
20 23 0.55
23 20 0.25
48 20 0.42
20 48 0.55
48 21 0.42
21 48 0.37
30 23 0.7
23 30 0.25
45 23 0.42
23 45 0.25
50 23 0.53
23 50 0.25
24 48 0.32
48 24 0.42
48 25 0.42
25 48 0.33
48 30 0.42
30 48 0.7
39 31 0.47
31 39 0.83
45 31 0.42
31 45 0.83
49 31 0.67
31 49 0.83
33 39 0.3
39 33 0.47
48 33 0.42
33 48 0.3
37 39 0.47
39 37 0.47
48 38 0.42
38 48 0.67
45 39 0.42
39 45 0.47
46 39 0.55
39 46 0.47
48 39 0.42
39 48 0.47
50 39 0.53
39 50 0.47
48 41 0.42
41 48 0.57
48 45 0.42
45 48 0.42
48 46 0.42
46 48 0.55
48 47 0.42
47 48 0.68
48 49 0.42
49 48 0.67
48 50 0.42
50 48 0.53
