30  102
2 23 0.83
23 2 0.12
25 2 0.38
2 25 0.83
2 28 0.83
28 2 0.9
3 23 0.85
23 3 0.12
9 6 0.67
6 9 0.73
16 6 0.6
6 16 0.73
6 23 0.73
23 6 0.12
28 6 0.9
6 28 0.73
9 13 0.67
13 9 0.43
12 28 0.33
28 12 0.9
13 15 0.43
15 13 0.68
13 23 0.43
23 13 0.12
27 13 0.98
13 27 0.43
28 13 0.9
13 28 0.43
20 14 0.88
14 20 0.4
14 23 0.4
23 14 0.12
26 14 0.32
14 26 0.4
16 15 0.6
15 16 0.68
17 15 0.42
15 17 0.68
22 15 0.42
15 22 0.68
30 15 0.6
15 30 0.68
16 17 0.6
17 16 0.42
16 27 0.6
27 16 0.98
16 30 0.6
30 16 0.6
17 20 0.42
20 17 0.88
17 26 0.42
26 17 0.32
17 28 0.42
28 17 0.9
19 23 0.43
23 19 0.12
25 19 0.38
19 25 0.43
19 28 0.43
28 19 0.9
19 29 0.43
29 19 0.43
20 21 0.88
21 20 0.37
20 23 0.88
23 20 0.12
26 20 0.32
20 26 0.88
27 20 0.98
20 27 0.88
20 28 0.88
28 20 0.9
21 23 0.37
23 21 0.12
26 21 0.32
21 26 0.37
28 21 0.9
21 28 0.37
22 23 0.42
23 22 0.12
28 22 0.9
22 28 0.42
29 22 0.43
22 29 0.42
26 23 0.32
23 26 0.12
28 23 0.9
23 28 0.12
29 23 0.43
23 29 0.12
30 23 0.6
23 30 0.12
26 27 0.32
27 26 0.98
26 28 0.32
28 26 0.9
27 28 0.98
28 27 0.9
27 30 0.98
30 27 0.6
28 30 0.9
30 28 0.6
