40  150
2 23 0.45
23 2 0.2
25 2 0.58
2 25 0.45
33 2 0.4
2 33 0.45
25 5 0.58
5 25 0.5
5 31 0.5
31 5 0.22
33 5 0.4
5 33 0.5
8 6 0.63
6 8 0.62
11 6 0.83
6 11 0.62
13 6 0.32
6 13 0.62
21 6 0.25
6 21 0.62
25 6 0.58
6 25 0.62
26 6 0.5
6 26 0.62
6 31 0.62
31 6 0.22
33 6 0.4
6 33 0.62
20 7 0.58
7 20 0.42
25 7 0.58
7 25 0.42
8 11 0.63
11 8 0.83
8 21 0.63
21 8 0.25
8 24 0.63
24 8 0.33
8 25 0.63
25 8 0.58
8 31 0.63
31 8 0.22
8 33 0.63
33 8 0.4
9 23 0.6
23 9 0.2
11 21 0.83
21 11 0.25
24 11 0.33
11 24 0.83
11 31 0.83
31 11 0.22
33 11 0.4
11 33 0.83
16 12 0.53
12 16 0.15
12 21 0.15
21 12 0.25
24 12 0.33
12 24 0.15
25 12 0.58
12 25 0.15
12 31 0.15
31 12 0.22
20 13 0.58
13 20 0.32
21 13 0.25
13 21 0.32
33 13 0.4
13 33 0.32
25 14 0.58
14 25 0.78
14 31 0.78
31 14 0.22
31 15 0.22
15 31 0.53
33 15 0.4
15 33 0.53
16 31 0.53
31 16 0.22
17 18 0.67
18 17 0.42
17 21 0.67
21 17 0.25
24 17 0.33
17 24 0.67
17 26 0.67
26 17 0.5
40 17 0.25
17 40 0.67
25 18 0.58
18 25 0.42
18 31 0.42
31 18 0.22
33 18 0.4
18 33 0.42
33 20 0.4
20 33 0.58
20 36 0.58
36 20 0.77
25 21 0.58
21 25 0.25
21 31 0.25
31 21 0.22
33 21 0.4
21 33 0.25
25 23 0.58
23 25 0.2
31 23 0.22
23 31 0.2
33 23 0.4
23 33 0.2
24 25 0.33
25 24 0.58
24 37 0.33
37 24 0.42
25 27 0.58
27 25 0.68
25 31 0.58
31 25 0.22
25 33 0.58
33 25 0.4
25 35 0.58
35 25 0.28
25 38 0.58
38 25 0.4
40 25 0.25
25 40 0.58
33 26 0.4
26 33 0.5
27 31 0.68
31 27 0.22
33 27 0.4
27 33 0.68
33 31 0.4
31 33 0.22
36 31 0.77
31 36 0.22
37 31 0.42
31 37 0.22
38 31 0.4
31 38 0.22
40 31 0.25
31 40 0.22
33 37 0.4
37 33 0.42
33 38 0.4
38 33 0.4
40 33 0.25
33 40 0.4
