50  188
1 7 0.72
7 1 0.5
1 9 0.72
9 1 0.22
1 14 0.72
14 1 0.25
1 17 0.72
17 1 0.82
1 19 0.72
19 1 0.78
24 1 0.42
1 24 0.72
1 28 0.72
28 1 0.23
1 30 0.72
30 1 0.43
32 1 0.3
1 32 0.72
1 39 0.72
39 1 0.68
1 46 0.72
46 1 0.35
9 2 0.22
2 9 0.4
2 14 0.4
14 2 0.25
2 19 0.4
19 2 0.78
24 2 0.42
2 24 0.4
2 28 0.4
28 2 0.23
2 30 0.4
30 2 0.43
32 2 0.3
2 32 0.4
2 39 0.4
39 2 0.68
2 46 0.4
46 2 0.35
8 7 0.6
7 8 0.5
10 7 0.65
7 10 0.5
19 7 0.78
7 19 0.5
22 7 0.35
7 22 0.5
24 7 0.42
7 24 0.5
25 7 0.25
7 25 0.5
43 7 0.52
7 43 0.5
8 14 0.6
14 8 0.25
8 17 0.6
17 8 0.82
8 25 0.6
25 8 0.25
8 46 0.6
46 8 0.35
9 14 0.22
14 9 0.25
9 19 0.22
19 9 0.78
24 9 0.42
9 24 0.22
9 25 0.22
25 9 0.25
9 28 0.22
28 9 0.23
9 30 0.22
30 9 0.43
9 39 0.22
39 9 0.68
9 46 0.22
46 9 0.35
11 14 0.88
14 11 0.25
11 46 0.88
46 11 0.35
12 14 0.25
14 12 0.25
13 14 0.47
14 13 0.25
25 13 0.25
13 25 0.47
17 14 0.82
14 17 0.25
19 14 0.78
14 19 0.25
20 14 0.53
14 20 0.25
14 22 0.25
22 14 0.35
24 14 0.42
14 24 0.25
26 14 0.42
14 26 0.25
28 14 0.23
14 28 0.25
14 30 0.25
30 14 0.43
36 14 0.4
14 36 0.25
42 14 0.42
14 42 0.25
43 14 0.52
14 43 0.25
44 14 0.32
14 44 0.25
46 14 0.35
14 46 0.25
17 19 0.82
19 17 0.78
17 22 0.82
22 17 0.35
24 17 0.42
17 24 0.82
17 26 0.82
26 17 0.42
17 28 0.82
28 17 0.23
17 36 0.82
36 17 0.4
17 44 0.82
44 17 0.32
17 46 0.82
46 17 0.35
24 19 0.42
19 24 0.78
19 28 0.78
28 19 0.23
19 30 0.78
30 19 0.43
34 19 0.57
19 34 0.78
19 39 0.78
39 19 0.68
19 46 0.78
46 19 0.35
25 20 0.25
20 25 0.53
20 46 0.53
46 20 0.35
25 22 0.25
22 25 0.35
46 22 0.35
22 46 0.35
24 28 0.42
28 24 0.23
24 30 0.42
30 24 0.43
24 39 0.42
39 24 0.68
24 46 0.42
46 24 0.35
25 26 0.25
26 25 0.42
40 25 0.53
25 40 0.25
25 42 0.25
42 25 0.42
25 43 0.25
43 25 0.52
28 30 0.23
30 28 0.43
28 39 0.23
39 28 0.68
28 46 0.23
46 28 0.35
32 30 0.3
30 32 0.43
30 39 0.43
39 30 0.68
46 30 0.35
30 46 0.43
32 46 0.3
46 32 0.35
43 35 0.52
35 43 0.45
36 46 0.4
46 36 0.35
43 46 0.52
46 43 0.35
44 46 0.32
46 44 0.35
