50  232
34 3 0.05
3 34 0.38
3 38 0.38
38 3 0.78
41 3 0.45
3 41 0.38
4 14 0.82
14 4 0.45
18 4 0.8
4 18 0.82
4 22 0.82
22 4 0.73
24 4 0.18
4 24 0.82
25 4 0.48
4 25 0.82
4 36 0.82
36 4 0.68
4 38 0.82
38 4 0.78
4 44 0.82
44 4 0.8
48 4 0.78
4 48 0.82
49 4 0.68
4 49 0.82
50 4 0.63
4 50 0.82
11 5 0.92
5 11 0.45
5 38 0.45
38 5 0.78
5 39 0.45
39 5 0.67
27 6 0.62
6 27 0.7
9 36 0.25
36 9 0.68
9 38 0.25
38 9 0.78
17 11 0.52
11 17 0.92
25 11 0.48
11 25 0.92
11 36 0.92
36 11 0.68
11 38 0.92
38 11 0.78
41 11 0.45
11 41 0.92
18 14 0.8
14 18 0.45
14 22 0.45
22 14 0.73
32 14 0.68
14 32 0.45
35 14 0.43
14 35 0.45
36 14 0.68
14 36 0.45
38 14 0.78
14 38 0.45
43 14 0.67
14 43 0.45
45 14 0.6
14 45 0.45
48 14 0.78
14 48 0.45
50 14 0.63
14 50 0.45
16 18 0.53
18 16 0.8
16 23 0.53
23 16 0.65
16 27 0.53
27 16 0.62
16 32 0.53
32 16 0.68
17 39 0.52
39 17 0.67
18 22 0.8
22 18 0.73
24 18 0.18
18 24 0.8
25 18 0.48
18 25 0.8
32 18 0.68
18 32 0.8
18 35 0.8
35 18 0.43
18 36 0.8
36 18 0.68
18 38 0.8
38 18 0.78
18 44 0.8
44 18 0.8
18 45 0.8
45 18 0.6
48 18 0.78
18 48 0.8
18 50 0.8
50 18 0.63
25 20 0.48
20 25 0.33
34 20 0.05
20 34 0.33
20 36 0.33
36 20 0.68
20 38 0.33
38 20 0.78
25 21 0.48
21 25 0.42
34 21 0.05
21 34 0.42
36 21 0.68
21 36 0.42
21 38 0.42
38 21 0.78
41 21 0.45
21 41 0.42
24 22 0.18
22 24 0.73
25 22 0.48
22 25 0.73
36 22 0.68
22 36 0.73
38 22 0.78
22 38 0.73
44 22 0.8
22 44 0.73
48 22 0.78
22 48 0.73
50 22 0.63
22 50 0.73
25 23 0.48
23 25 0.65
36 23 0.68
23 36 0.65
38 23 0.78
23 38 0.65
41 23 0.45
23 41 0.65
45 23 0.6
23 45 0.65
24 25 0.18
25 24 0.48
24 34 0.18
34 24 0.05
24 36 0.18
36 24 0.68
24 38 0.18
38 24 0.78
24 43 0.18
43 24 0.67
24 44 0.18
44 24 0.8
24 48 0.18
48 24 0.78
24 49 0.18
49 24 0.68
25 27 0.48
27 25 0.62
25 28 0.48
28 25 0.5
32 25 0.68
25 32 0.48
25 36 0.48
36 25 0.68
25 38 0.48
38 25 0.78
48 25 0.78
25 48 0.48
26 36 0.68
36 26 0.68
26 38 0.68
38 26 0.78
27 36 0.62
36 27 0.68
27 45 0.62
45 27 0.6
28 38 0.5
38 28 0.78
36 29 0.68
29 36 0.42
29 38 0.42
38 29 0.78
41 29 0.45
29 41 0.42
45 29 0.6
29 45 0.42
32 35 0.68
35 32 0.43
32 36 0.68
36 32 0.68
32 48 0.68
48 32 0.78
33 38 0.72
38 33 0.78
34 36 0.05
36 34 0.68
48 34 0.78
34 48 0.05
36 37 0.68
37 36 0.37
36 38 0.68
38 36 0.78
41 36 0.45
36 41 0.68
36 44 0.68
44 36 0.8
36 46 0.68
46 36 0.37
48 36 0.78
36 48 0.68
44 38 0.8
38 44 0.78
46 38 0.37
38 46 0.78
48 38 0.78
38 48 0.78
50 38 0.63
38 50 0.78
41 44 0.45
44 41 0.8
48 41 0.78
41 48 0.45
44 47 0.8
47 44 0.87
48 44 0.78
44 48 0.8
48 50 0.78
50 48 0.63
