40  122
1 9 0.8
9 1 0.3
1 25 0.8
25 1 0.57
1 37 0.8
37 1 0.78
3 7 0.45
7 3 0.75
8 3 0.7
3 8 0.45
9 3 0.3
3 9 0.45
33 3 0.62
3 33 0.45
8 5 0.7
5 8 0.82
25 5 0.57
5 25 0.82
26 5 0.5
5 26 0.82
29 5 0.35
5 29 0.82
37 5 0.78
5 37 0.82
25 7 0.57
7 25 0.75
8 9 0.7
9 8 0.3
8 13 0.7
13 8 0.35
8 14 0.7
14 8 0.37
8 21 0.7
21 8 0.68
8 24 0.7
24 8 0.42
8 25 0.7
25 8 0.57
8 26 0.7
26 8 0.5
8 28 0.7
28 8 0.82
8 31 0.7
31 8 0.68
8 34 0.7
34 8 0.8
8 35 0.7
35 8 0.35
8 37 0.7
37 8 0.78
8 40 0.7
40 8 0.82
9 13 0.3
13 9 0.35
9 14 0.3
14 9 0.37
9 21 0.3
21 9 0.68
24 9 0.42
9 24 0.3
9 25 0.3
25 9 0.57
9 26 0.3
26 9 0.5
9 28 0.3
28 9 0.82
9 29 0.3
29 9 0.35
9 31 0.3
31 9 0.68
9 34 0.3
34 9 0.8
9 35 0.3
35 9 0.35
9 36 0.3
36 9 0.72
9 37 0.3
37 9 0.78
9 38 0.3
38 9 0.3
40 9 0.82
9 40 0.3
10 14 0.43
14 10 0.37
10 29 0.43
29 10 0.35
10 36 0.43
36 10 0.72
10 37 0.43
37 10 0.78
25 12 0.57
12 25 0.6
25 14 0.57
14 25 0.37
26 14 0.5
14 26 0.37
14 31 0.37
31 14 0.68
37 14 0.78
14 37 0.37
17 25 0.82
25 17 0.57
17 26 0.82
26 17 0.5
25 26 0.57
26 25 0.5
25 31 0.57
31 25 0.68
25 37 0.57
37 25 0.78
26 29 0.5
29 26 0.35
26 31 0.5
31 26 0.68
26 37 0.5
37 26 0.78
36 31 0.72
31 36 0.68
37 31 0.78
31 37 0.68
33 38 0.62
38 33 0.3
