40  184
1 23 0.32
23 1 0.42
1 27 0.32
27 1 0.38
1 31 0.32
31 1 0.57
2 13 0.85
13 2 0.7
2 14 0.85
14 2 0.97
2 21 0.85
21 2 0.57
2 36 0.85
36 2 0.62
9 3 0.2
3 9 0.42
3 13 0.42
13 3 0.7
16 3 0.42
3 16 0.42
3 23 0.42
23 3 0.42
27 3 0.38
3 27 0.42
3 31 0.42
31 3 0.57
3 39 0.42
39 3 0.35
40 3 0.67
3 40 0.42
5 23 0.27
23 5 0.42
27 5 0.38
5 27 0.27
5 31 0.27
31 5 0.57
6 23 0.57
23 6 0.42
23 7 0.42
7 23 0.38
27 7 0.38
7 27 0.38
31 7 0.57
7 31 0.38
9 13 0.2
13 9 0.7
16 9 0.42
9 16 0.2
9 21 0.2
21 9 0.57
9 23 0.2
23 9 0.42
9 27 0.2
27 9 0.38
9 31 0.2
31 9 0.57
9 39 0.2
39 9 0.35
40 9 0.67
9 40 0.2
10 18 0.22
18 10 0.35
10 23 0.22
23 10 0.42
10 27 0.22
27 10 0.38
10 31 0.22
31 10 0.57
10 36 0.22
36 10 0.62
12 23 0.25
23 12 0.42
27 12 0.38
12 27 0.25
12 31 0.25
31 12 0.57
13 15 0.7
15 13 0.67
16 13 0.42
13 16 0.7
18 13 0.35
13 18 0.7
21 13 0.57
13 21 0.7
13 23 0.7
23 13 0.42
27 13 0.38
13 27 0.7
13 31 0.7
31 13 0.57
33 13 0.7
13 33 0.7
37 13 0.7
13 37 0.7
13 39 0.7
39 13 0.35
40 13 0.67
13 40 0.7
27 14 0.38
14 27 0.97
14 31 0.97
31 14 0.57
19 15 0.75
15 19 0.67
30 15 0.4
15 30 0.67
16 21 0.42
21 16 0.57
16 23 0.42
23 16 0.42
16 27 0.42
27 16 0.38
16 30 0.42
30 16 0.4
16 31 0.42
31 16 0.57
16 39 0.42
39 16 0.35
16 40 0.42
40 16 0.67
19 21 0.75
21 19 0.57
20 23 0.53
23 20 0.42
21 23 0.57
23 21 0.42
27 21 0.38
21 27 0.57
21 31 0.57
31 21 0.57
37 21 0.7
21 37 0.57
21 39 0.57
39 21 0.35
40 21 0.67
21 40 0.57
27 22 0.38
22 27 0.53
22 31 0.53
31 22 0.57
27 23 0.38
23 27 0.42
28 23 0.73
23 28 0.42
34 23 0.33
23 34 0.42
36 23 0.62
23 36 0.42
39 23 0.35
23 39 0.42
40 23 0.67
23 40 0.42
24 36 0.53
36 24 0.62
27 28 0.38
28 27 0.73
27 30 0.38
30 27 0.4
27 31 0.38
31 27 0.57
32 27 0.42
27 32 0.38
34 27 0.33
27 34 0.38
27 36 0.38
36 27 0.62
27 39 0.38
39 27 0.35
40 27 0.67
27 40 0.38
28 31 0.73
31 28 0.57
30 31 0.4
31 30 0.57
37 30 0.7
30 37 0.4
40 30 0.67
30 40 0.4
36 31 0.62
31 36 0.57
40 31 0.67
31 40 0.57
40 39 0.67
39 40 0.35
