30  62
1 7 0.22
7 1 0.73
1 25 0.22
25 1 0.87
2 23 0.23
23 2 0.57
3 7 0.32
7 3 0.73
3 12 0.32
12 3 0.4
3 23 0.32
23 3 0.57
24 3 0.67
3 24 0.32
9 4 0.38
4 9 0.73
5 7 0.73
7 5 0.73
12 5 0.4
5 12 0.73
5 23 0.73
23 5 0.57
12 6 0.4
6 12 0.93
10 7 0.23
7 10 0.73
15 7 0.7
7 15 0.73
18 7 0.83
7 18 0.73
19 7 0.9
7 19 0.73
23 7 0.57
7 23 0.73
25 7 0.87
7 25 0.73
9 23 0.38
23 9 0.57
10 12 0.23
12 10 0.4
18 12 0.83
12 18 0.4
12 23 0.4
23 12 0.57
23 15 0.57
15 23 0.7
24 15 0.67
15 24 0.7
16 23 0.62
23 16 0.57
17 23 0.38
23 17 0.57
18 23 0.83
23 18 0.57
19 23 0.9
23 19 0.57
24 19 0.67
19 24 0.9
25 23 0.87
23 25 0.57
24 25 0.67
25 24 0.87
