40  48
4 22 0.55
22 4 0.72
5 6 0.37
6 5 0.32
5 15 0.37
15 5 0.93
5 38 0.37
38 5 0.52
27 6 0.73
6 27 0.32
11 22 0.48
22 11 0.72
24 11 0.55
11 24 0.48
11 31 0.48
31 11 0.62
40 11 0.73
11 40 0.48
13 15 0.58
15 13 0.93
13 23 0.58
23 13 0.82
21 15 0.67
15 21 0.93
23 15 0.82
15 23 0.93
24 22 0.55
22 24 0.72
25 22 0.5
22 25 0.72
33 22 0.52
22 33 0.72
27 23 0.73
23 27 0.82
24 25 0.55
25 24 0.5
24 31 0.55
31 24 0.62
24 33 0.55
33 24 0.52
25 31 0.5
31 25 0.62
33 31 0.52
31 33 0.62
40 31 0.73
31 40 0.62
40 33 0.73
33 40 0.52
