40  64
2 5 0.32
5 2 0.7
2 14 0.32
14 2 0.55
24 2 0.92
2 24 0.32
2 27 0.32
27 2 0.4
2 39 0.32
39 2 0.47
3 28 0.38
28 3 0.62
35 3 0.75
3 35 0.38
28 5 0.62
5 28 0.7
35 7 0.75
7 35 0.88
8 28 0.6
28 8 0.62
35 11 0.75
11 35 0.58
12 23 0.42
23 12 0.57
35 12 0.75
12 35 0.42
26 14 0.9
14 26 0.55
17 28 0.13
28 17 0.62
17 35 0.13
35 17 0.75
18 35 0.3
35 18 0.75
35 20 0.75
20 35 0.4
34 22 0.72
22 34 0.23
24 35 0.92
35 24 0.75
25 26 0.4
26 25 0.9
25 35 0.4
35 25 0.75
35 27 0.75
27 35 0.4
28 29 0.62
29 28 0.87
28 30 0.62
30 28 0.33
34 28 0.72
28 34 0.62
35 28 0.75
28 35 0.62
28 39 0.62
39 28 0.47
35 29 0.75
29 35 0.87
35 30 0.75
30 35 0.33
34 35 0.72
35 34 0.75
35 39 0.75
39 35 0.47
