40  96
1 7 0.35
7 1 0.25
1 9 0.35
9 1 0.35
1 11 0.35
11 1 0.82
1 18 0.35
18 1 0.82
1 22 0.35
22 1 0.2
1 23 0.35
23 1 0.28
24 1 0.23
1 24 0.35
1 26 0.35
26 1 0.18
1 30 0.35
30 1 0.28
1 31 0.35
31 1 0.8
1 34 0.35
34 1 0.3
1 35 0.35
35 1 0.68
2 27 0.9
27 2 0.32
2 38 0.9
38 2 0.7
20 6 0.57
6 20 0.38
24 6 0.23
6 24 0.38
26 6 0.18
6 26 0.38
34 6 0.3
6 34 0.38
27 7 0.32
7 27 0.25
40 7 0.62
7 40 0.25
27 11 0.32
11 27 0.82
27 13 0.32
13 27 0.43
40 13 0.62
13 40 0.43
18 27 0.82
27 18 0.32
18 38 0.82
38 18 0.7
25 19 0.37
19 25 0.52
19 29 0.52
29 19 0.82
20 21 0.57
21 20 0.83
24 20 0.23
20 24 0.57
26 20 0.18
20 26 0.57
27 20 0.32
20 27 0.57
20 37 0.57
37 20 0.63
20 38 0.57
38 20 0.7
27 22 0.32
22 27 0.2
27 23 0.32
23 27 0.28
24 26 0.23
26 24 0.18
24 27 0.23
27 24 0.32
25 36 0.37
36 25 0.67
25 38 0.37
38 25 0.7
26 27 0.18
27 26 0.32
33 26 0.3
26 33 0.18
26 34 0.18
34 26 0.3
27 28 0.32
28 27 0.38
27 30 0.32
30 27 0.28
27 31 0.32
31 27 0.8
29 38 0.82
38 29 0.7
34 37 0.3
37 34 0.63
34 38 0.3
38 34 0.7
