50  146
2 37 0.43
37 2 0.63
49 2 0.35
2 49 0.43
3 7 0.4
7 3 0.47
3 37 0.4
37 3 0.63
3 39 0.4
39 3 0.55
3 45 0.4
45 3 0.93
49 3 0.35
3 49 0.4
8 4 0.43
4 8 0.63
49 4 0.35
4 49 0.63
12 7 0.35
7 12 0.47
19 7 0.57
7 19 0.47
49 7 0.35
7 49 0.47
8 23 0.43
23 8 0.62
8 26 0.43
26 8 0.3
8 41 0.43
41 8 0.4
8 49 0.43
49 8 0.35
10 37 0.47
37 10 0.63
10 39 0.47
39 10 0.55
12 14 0.35
14 12 0.53
12 22 0.35
22 12 0.65
12 37 0.35
37 12 0.63
12 39 0.35
39 12 0.55
13 15 0.48
15 13 0.68
23 15 0.62
15 23 0.68
26 15 0.3
15 26 0.68
35 15 0.82
15 35 0.68
37 15 0.63
15 37 0.68
39 15 0.55
15 39 0.68
44 15 0.67
15 44 0.68
48 15 0.2
15 48 0.68
49 15 0.35
15 49 0.68
49 18 0.35
18 49 0.32
19 37 0.57
37 19 0.63
19 39 0.57
39 19 0.55
49 19 0.35
19 49 0.57
48 21 0.2
21 48 0.52
49 21 0.35
21 49 0.52
48 22 0.2
22 48 0.65
26 23 0.3
23 26 0.62
35 23 0.82
23 35 0.62
37 23 0.63
23 37 0.62
39 23 0.55
23 39 0.62
44 23 0.67
23 44 0.62
48 23 0.2
23 48 0.62
49 23 0.35
23 49 0.62
26 35 0.3
35 26 0.82
26 37 0.3
37 26 0.63
26 39 0.3
39 26 0.55
26 44 0.3
44 26 0.67
48 26 0.2
26 48 0.3
49 26 0.35
26 49 0.3
28 37 0.4
37 28 0.63
28 39 0.4
39 28 0.55
49 28 0.35
28 49 0.4
37 29 0.63
29 37 0.4
48 30 0.2
30 48 0.3
49 30 0.35
30 49 0.3
35 39 0.82
39 35 0.55
35 44 0.82
44 35 0.67
48 35 0.2
35 48 0.82
37 39 0.63
39 37 0.55
44 37 0.67
37 44 0.63
48 37 0.2
37 48 0.63
49 37 0.35
37 49 0.63
44 39 0.67
39 44 0.55
48 39 0.2
39 48 0.55
49 39 0.35
39 49 0.55
41 49 0.4
49 41 0.35
48 44 0.2
44 48 0.67
49 44 0.35
44 49 0.67
48 46 0.2
46 48 0.93
48 49 0.2
49 48 0.35
49 50 0.35
50 49 0.52
