50  58
3 15 0.47
15 3 0.58
4 14 0.27
14 4 0.3
5 14 0.38
14 5 0.3
14 15 0.3
15 14 0.58
16 14 0.4
14 16 0.3
38 14 0.65
14 38 0.3
40 14 0.28
14 40 0.3
42 14 0.77
14 42 0.3
20 15 0.57
15 20 0.58
40 15 0.28
15 40 0.58
16 20 0.4
20 16 0.57
16 40 0.4
40 16 0.28
16 42 0.4
42 16 0.77
16 43 0.4
43 16 0.58
16 50 0.4
50 16 0.55
35 20 0.2
20 35 0.57
20 37 0.57
37 20 0.45
42 20 0.77
20 42 0.57
50 21 0.55
21 50 0.32
40 30 0.28
30 40 0.43
50 30 0.55
30 50 0.43
32 40 0.33
40 32 0.28
50 38 0.55
38 50 0.65
40 42 0.28
42 40 0.77
40 43 0.28
43 40 0.58
40 50 0.28
50 40 0.55
42 50 0.77
50 42 0.55
43 46 0.58
46 43 0.3
50 44 0.55
44 50 0.6
