50  82
17 2 0.4
2 17 0.68
2 18 0.68
18 2 0.73
2 23 0.68
23 2 0.97
2 37 0.68
37 2 0.55
2 39 0.68
39 2 0.48
2 44 0.68
44 2 0.67
17 3 0.4
3 17 0.53
3 39 0.53
39 3 0.48
3 44 0.53
44 3 0.67
17 7 0.4
7 17 0.55
39 7 0.48
7 39 0.55
9 23 0.4
23 9 0.97
17 18 0.4
18 17 0.73
17 23 0.4
23 17 0.97
17 39 0.4
39 17 0.48
17 44 0.4
44 17 0.67
18 23 0.73
23 18 0.97
18 29 0.73
29 18 0.37
33 18 0.42
18 33 0.73
18 35 0.73
35 18 0.75
18 39 0.73
39 18 0.48
18 44 0.73
44 18 0.67
48 19 0.62
19 48 0.53
21 46 0.57
46 21 0.55
22 23 0.93
23 22 0.97
24 23 0.43
23 24 0.97
26 23 0.67
23 26 0.97
27 23 0.88
23 27 0.97
37 23 0.55
23 37 0.97
44 23 0.67
23 44 0.97
46 23 0.55
23 46 0.97
47 23 0.55
23 47 0.97
48 23 0.62
23 48 0.97
49 23 0.28
23 49 0.97
25 27 0.52
27 25 0.88
26 27 0.67
27 26 0.88
26 47 0.67
47 26 0.55
27 47 0.88
47 27 0.55
32 39 0.75
39 32 0.48
32 44 0.75
44 32 0.67
32 46 0.75
46 32 0.55
