40  80
1 3 0.2
3 1 0.87
1 10 0.2
10 1 0.93
1 15 0.2
15 1 0.63
1 28 0.2
28 1 0.72
1 35 0.2
35 1 0.87
2 20 0.2
20 2 0.63
9 3 1.0
3 9 0.87
10 3 0.93
3 10 0.87
3 28 0.87
28 3 0.72
35 3 0.87
3 35 0.87
3 36 0.87
36 3 0.93
9 4 1.0
4 9 0.35
9 5 1.0
5 9 0.57
13 6 0.42
6 13 0.37
18 6 0.67
6 18 0.37
9 7 1.0
7 9 0.27
9 10 1.0
10 9 0.93
9 13 1.0
13 9 0.42
9 18 1.0
18 9 0.67
9 19 1.0
19 9 0.27
9 20 1.0
20 9 0.63
9 23 1.0
23 9 0.68
9 30 1.0
30 9 0.42
32 9 0.48
9 32 1.0
10 15 0.93
15 10 0.63
10 23 0.93
23 10 0.68
10 28 0.93
28 10 0.72
10 35 0.93
35 10 0.87
10 36 0.93
36 10 0.93
18 13 0.67
13 18 0.42
23 15 0.68
15 23 0.63
28 15 0.72
15 28 0.63
35 15 0.87
15 35 0.63
20 21 0.63
21 20 0.45
25 20 0.53
20 25 0.63
21 23 0.45
23 21 0.68
28 21 0.72
21 28 0.45
25 23 0.53
23 25 0.68
25 28 0.53
28 25 0.72
40 29 0.6
29 40 0.3
