50  206
1 10 0.65
10 1 0.5
1 11 0.65
11 1 0.53
1 31 0.65
31 1 0.68
40 1 0.43
1 40 0.65
1 46 0.65
46 1 0.77
10 3 0.5
3 10 0.4
40 3 0.43
3 40 0.4
43 3 0.52
3 43 0.4
3 46 0.4
46 3 0.77
6 30 0.13
30 6 0.47
44 6 0.8
6 44 0.13
8 46 0.32
46 8 0.77
40 9 0.43
9 40 0.67
10 13 0.5
13 10 0.35
10 14 0.5
14 10 0.37
10 15 0.5
15 10 0.73
17 10 0.5
10 17 0.5
10 18 0.5
18 10 0.42
10 21 0.5
21 10 0.33
10 28 0.5
28 10 0.77
10 29 0.5
29 10 0.48
10 30 0.5
30 10 0.47
10 31 0.5
31 10 0.68
10 35 0.5
35 10 0.28
10 37 0.5
37 10 0.42
40 10 0.43
10 40 0.5
10 42 0.5
42 10 0.87
10 44 0.5
44 10 0.8
10 45 0.5
45 10 0.68
10 46 0.5
46 10 0.77
10 47 0.5
47 10 0.32
48 10 0.47
10 48 0.5
49 10 0.47
10 49 0.5
10 50 0.5
50 10 0.97
11 31 0.53
31 11 0.68
40 11 0.43
11 40 0.53
42 11 0.87
11 42 0.53
18 13 0.42
13 18 0.35
13 38 0.35
38 13 0.63
40 13 0.43
13 40 0.35
44 13 0.8
13 44 0.35
13 46 0.35
46 13 0.77
48 13 0.47
13 48 0.35
45 14 0.68
14 45 0.37
40 15 0.43
15 40 0.73
46 15 0.77
15 46 0.73
16 45 0.7
45 16 0.68
16 46 0.7
46 16 0.77
16 48 0.7
48 16 0.47
17 18 0.5
18 17 0.42
17 45 0.5
45 17 0.68
48 17 0.47
17 48 0.5
40 18 0.43
18 40 0.42
18 44 0.42
44 18 0.8
18 45 0.42
45 18 0.68
18 46 0.42
46 18 0.77
48 18 0.47
18 48 0.42
40 21 0.43
21 40 0.33
45 21 0.68
21 45 0.33
21 46 0.33
46 21 0.77
24 46 0.3
46 24 0.77
25 46 0.58
46 25 0.77
40 27 0.43
27 40 0.57
27 44 0.57
44 27 0.8
40 28 0.43
28 40 0.77
28 45 0.77
45 28 0.68
28 46 0.77
46 28 0.77
40 29 0.43
29 40 0.48
45 29 0.68
29 45 0.48
29 46 0.48
46 29 0.77
43 30 0.52
30 43 0.47
45 30 0.68
30 45 0.47
46 30 0.77
30 46 0.47
40 31 0.43
31 40 0.68
45 31 0.68
31 45 0.68
46 31 0.77
31 46 0.68
40 34 0.43
34 40 0.32
40 35 0.43
35 40 0.28
35 46 0.28
46 35 0.77
36 45 0.4
45 36 0.68
36 46 0.4
46 36 0.77
40 37 0.43
37 40 0.42
45 37 0.68
37 45 0.42
37 46 0.42
46 37 0.77
40 38 0.43
38 40 0.63
44 38 0.8
38 44 0.63
46 38 0.77
38 46 0.63
48 38 0.47
38 48 0.63
40 41 0.43
41 40 0.67
40 44 0.43
44 40 0.8
40 46 0.43
46 40 0.77
40 47 0.43
47 40 0.32
40 50 0.43
50 40 0.97
43 44 0.52
44 43 0.8
44 45 0.8
45 44 0.68
44 46 0.8
46 44 0.77
45 46 0.68
46 45 0.77
49 45 0.47
45 49 0.68
50 45 0.97
45 50 0.68
46 47 0.77
47 46 0.32
48 46 0.47
46 48 0.77
49 46 0.47
46 49 0.77
50 46 0.97
46 50 0.77
