50  112
9 2 0.8
2 9 0.88
8 3 0.62
3 8 0.43
35 3 0.82
3 35 0.43
43 3 0.8
3 43 0.43
4 6 0.93
6 4 0.5
8 4 0.62
4 8 0.93
4 29 0.93
29 4 0.33
35 4 0.82
4 35 0.93
4 38 0.93
38 4 0.73
8 6 0.62
6 8 0.5
12 6 0.65
6 12 0.5
25 6 0.37
6 25 0.5
29 6 0.33
6 29 0.5
35 6 0.82
6 35 0.5
38 6 0.73
6 38 0.5
50 6 0.92
6 50 0.5
8 9 0.62
9 8 0.8
8 12 0.62
12 8 0.65
8 21 0.62
21 8 0.65
8 28 0.62
28 8 0.75
8 29 0.62
29 8 0.33
8 38 0.62
38 8 0.73
8 41 0.62
41 8 0.62
32 9 0.57
9 32 0.8
9 34 0.8
34 9 0.82
9 44 0.8
44 9 0.65
12 29 0.65
29 12 0.33
12 31 0.65
31 12 0.48
35 12 0.82
12 35 0.65
12 38 0.65
38 12 0.73
12 39 0.65
39 12 0.7
12 45 0.65
45 12 0.52
43 14 0.8
14 43 0.52
18 21 0.48
21 18 0.65
18 28 0.48
28 18 0.75
28 21 0.75
21 28 0.65
24 43 0.52
43 24 0.8
25 28 0.37
28 25 0.75
25 35 0.37
35 25 0.82
25 37 0.37
37 25 0.48
48 25 0.67
25 48 0.37
29 38 0.33
38 29 0.73
29 39 0.33
39 29 0.7
35 31 0.82
31 35 0.48
37 31 0.48
31 37 0.48
38 31 0.73
31 38 0.48
39 31 0.7
31 39 0.48
35 37 0.82
37 35 0.48
35 38 0.82
38 35 0.73
35 39 0.82
39 35 0.7
43 35 0.8
35 43 0.82
43 38 0.8
38 43 0.73
45 38 0.52
38 45 0.73
50 38 0.92
38 50 0.73
43 39 0.8
39 43 0.7
50 45 0.92
45 50 0.52
