30  130
8 1 0.67
1 8 0.42
1 9 0.42
9 1 0.52
1 15 0.42
15 1 0.68
1 20 0.42
20 1 0.75
24 1 0.52
1 24 0.42
1 28 0.42
28 1 0.87
1 30 0.42
30 1 0.93
2 4 0.75
4 2 0.68
8 2 0.67
2 8 0.75
2 15 0.75
15 2 0.68
24 2 0.52
2 24 0.75
2 27 0.75
27 2 0.85
8 3 0.67
3 8 0.58
11 3 0.92
3 11 0.58
8 4 0.67
4 8 0.68
4 15 0.68
15 4 0.68
24 4 0.52
4 24 0.68
27 4 0.85
4 27 0.68
27 5 0.85
5 27 0.9
8 9 0.67
9 8 0.52
8 15 0.67
15 8 0.68
8 17 0.67
17 8 0.73
8 20 0.67
20 8 0.75
8 23 0.67
23 8 0.42
8 24 0.67
24 8 0.52
8 26 0.67
26 8 0.37
8 28 0.67
28 8 0.87
8 30 0.67
30 8 0.93
9 15 0.52
15 9 0.68
9 17 0.52
17 9 0.73
9 18 0.52
18 9 0.38
9 20 0.52
20 9 0.75
24 9 0.52
9 24 0.52
9 26 0.52
26 9 0.37
9 27 0.52
27 9 0.85
9 28 0.52
28 9 0.87
9 30 0.52
30 9 0.93
17 11 0.73
11 17 0.92
18 11 0.38
11 18 0.92
17 12 0.73
12 17 0.37
18 13 0.38
13 18 0.63
24 14 0.52
14 24 0.53
17 15 0.73
15 17 0.68
20 15 0.75
15 20 0.68
21 15 0.45
15 21 0.68
23 15 0.42
15 23 0.68
24 15 0.52
15 24 0.68
27 15 0.85
15 27 0.68
30 15 0.93
15 30 0.68
17 20 0.73
20 17 0.75
18 20 0.38
20 18 0.75
24 18 0.52
18 24 0.38
18 28 0.38
28 18 0.87
18 30 0.38
30 18 0.93
24 20 0.52
20 24 0.75
27 20 0.85
20 27 0.75
20 30 0.75
30 20 0.93
24 21 0.52
21 24 0.45
24 23 0.52
23 24 0.42
27 23 0.85
23 27 0.42
24 26 0.52
26 24 0.37
24 28 0.52
28 24 0.87
24 30 0.52
30 24 0.93
26 27 0.37
27 26 0.85
26 30 0.37
30 26 0.93
