30  60
27 6 0.42
6 27 0.55
9 15 0.48
15 9 0.4
9 18 0.48
18 9 0.35
9 25 0.48
25 9 0.67
9 29 0.48
29 9 0.32
10 11 0.4
11 10 0.45
16 10 0.23
10 16 0.4
17 10 0.43
10 17 0.4
10 18 0.4
18 10 0.35
10 27 0.4
27 10 0.42
16 11 0.23
11 16 0.45
18 11 0.35
11 18 0.45
18 12 0.35
12 18 0.93
27 12 0.42
12 27 0.93
18 15 0.35
15 18 0.4
25 15 0.67
15 25 0.4
27 15 0.42
15 27 0.4
16 18 0.23
18 16 0.35
17 20 0.43
20 17 0.53
17 27 0.43
27 17 0.42
17 29 0.43
29 17 0.32
18 19 0.35
19 18 0.42
18 20 0.35
20 18 0.53
18 21 0.35
21 18 0.7
18 23 0.35
23 18 0.48
25 18 0.67
18 25 0.35
18 27 0.35
27 18 0.42
18 29 0.35
29 18 0.32
25 29 0.67
29 25 0.32
27 29 0.42
29 27 0.32
