50  176
2 21 0.62
21 2 0.82
33 2 0.77
2 33 0.62
33 3 0.77
3 33 0.78
16 4 0.28
4 16 0.42
4 21 0.42
21 4 0.82
33 4 0.77
4 33 0.42
4 37 0.42
37 4 0.3
42 4 0.87
4 42 0.42
49 4 0.35
4 49 0.42
16 5 0.28
5 16 0.53
20 5 0.68
5 20 0.53
21 5 0.82
5 21 0.53
5 23 0.53
23 5 0.67
27 5 0.27
5 27 0.53
29 5 0.8
5 29 0.53
33 5 0.77
5 33 0.53
37 5 0.3
5 37 0.53
42 5 0.87
5 42 0.53
43 5 0.72
5 43 0.53
5 47 0.53
47 5 0.57
49 5 0.35
5 49 0.53
8 6 0.33
6 8 0.45
6 31 0.45
31 6 0.48
33 6 0.77
6 33 0.45
37 6 0.3
6 37 0.45
44 6 0.4
6 44 0.45
23 7 0.67
7 23 0.67
33 7 0.77
7 33 0.67
8 33 0.33
33 8 0.77
8 37 0.33
37 8 0.3
8 44 0.33
44 8 0.4
9 33 0.62
33 9 0.77
16 10 0.28
10 16 0.45
10 21 0.45
21 10 0.82
33 10 0.77
10 33 0.45
10 42 0.45
42 10 0.87
49 10 0.35
10 49 0.45
19 11 0.58
11 19 0.55
33 11 0.77
11 33 0.55
13 23 0.45
23 13 0.67
28 14 0.73
14 28 0.73
16 15 0.28
15 16 0.47
49 15 0.35
15 49 0.47
16 29 0.28
29 16 0.8
16 39 0.28
39 16 0.52
16 50 0.28
50 16 0.35
20 29 0.68
29 20 0.8
33 20 0.77
20 33 0.68
20 37 0.68
37 20 0.3
20 47 0.68
47 20 0.57
27 21 0.27
21 27 0.82
29 21 0.8
21 29 0.82
21 39 0.82
39 21 0.52
50 21 0.35
21 50 0.82
29 23 0.8
23 29 0.67
33 23 0.77
23 33 0.67
36 23 0.57
23 36 0.67
39 23 0.52
23 39 0.67
44 23 0.4
23 44 0.67
46 23 0.2
23 46 0.67
47 23 0.57
23 47 0.67
50 23 0.35
23 50 0.67
25 29 0.5
29 25 0.8
27 29 0.27
29 27 0.8
28 39 0.73
39 28 0.52
50 28 0.35
28 50 0.73
33 29 0.77
29 33 0.8
37 29 0.3
29 37 0.8
42 29 0.87
29 42 0.8
43 29 0.72
29 43 0.8
29 47 0.8
47 29 0.57
49 29 0.35
29 49 0.8
33 31 0.77
31 33 0.48
44 31 0.4
31 44 0.48
33 34 0.77
34 33 0.87
33 36 0.77
36 33 0.57
33 39 0.77
39 33 0.52
33 44 0.77
44 33 0.4
33 46 0.77
46 33 0.2
33 47 0.77
47 33 0.57
33 50 0.77
50 33 0.35
36 37 0.57
37 36 0.3
37 39 0.3
39 37 0.52
37 46 0.3
46 37 0.2
42 39 0.87
39 42 0.52
49 39 0.35
39 49 0.52
42 50 0.87
50 42 0.35
49 50 0.35
50 49 0.35
