50  84
26 3 0.52
3 26 0.55
10 4 0.38
4 10 0.45
10 5 0.38
5 10 0.3
11 5 0.68
5 11 0.3
10 6 0.38
6 10 0.37
26 6 0.52
6 26 0.37
27 6 0.25
6 27 0.37
46 6 0.42
6 46 0.37
6 47 0.37
47 6 0.4
10 11 0.38
11 10 0.68
10 27 0.38
27 10 0.25
10 35 0.38
35 10 0.75
10 43 0.38
43 10 0.62
10 46 0.38
46 10 0.42
10 47 0.38
47 10 0.4
10 50 0.38
50 10 0.58
11 13 0.68
13 11 0.53
26 11 0.52
11 26 0.68
41 11 0.57
11 41 0.68
26 13 0.52
13 26 0.53
42 13 0.73
13 42 0.53
18 27 0.72
27 18 0.25
18 46 0.72
46 18 0.42
27 21 0.25
21 27 0.97
41 21 0.57
21 41 0.97
26 27 0.52
27 26 0.25
26 34 0.52
34 26 0.23
26 35 0.52
35 26 0.75
26 38 0.52
38 26 0.25
26 42 0.52
42 26 0.73
26 43 0.52
43 26 0.62
26 46 0.52
46 26 0.42
26 47 0.52
47 26 0.4
49 26 0.63
26 49 0.52
26 50 0.52
50 26 0.58
27 44 0.25
44 27 0.57
27 46 0.25
46 27 0.42
27 47 0.25
47 27 0.4
48 27 0.88
27 48 0.25
46 47 0.42
47 46 0.4
48 46 0.88
46 48 0.42
48 50 0.88
50 48 0.58
