50  178
2 5 0.62
5 2 0.28
8 2 0.52
2 8 0.62
2 13 0.62
13 2 0.7
17 2 0.73
2 17 0.62
2 35 0.62
35 2 0.37
2 42 0.62
42 2 0.5
2 43 0.62
43 2 0.75
2 46 0.62
46 2 0.37
2 47 0.62
47 2 0.63
3 13 0.7
13 3 0.7
18 3 0.55
3 18 0.7
34 3 0.5
3 34 0.7
3 46 0.7
46 3 0.37
48 3 0.48
3 48 0.7
8 5 0.52
5 8 0.28
5 14 0.28
14 5 0.87
18 5 0.55
5 18 0.28
19 5 0.37
5 19 0.28
21 5 0.65
5 21 0.28
5 23 0.28
23 5 0.62
26 5 0.57
5 26 0.28
27 5 0.62
5 27 0.28
28 5 0.53
5 28 0.28
35 5 0.37
5 35 0.28
5 38 0.28
38 5 0.63
43 5 0.75
5 43 0.28
44 5 0.45
5 44 0.28
45 5 0.5
5 45 0.28
5 46 0.28
46 5 0.37
48 5 0.48
5 48 0.28
49 5 0.68
5 49 0.28
8 19 0.52
19 8 0.37
8 25 0.52
25 8 0.28
8 35 0.52
35 8 0.37
8 41 0.52
41 8 0.55
8 42 0.52
42 8 0.5
8 43 0.52
43 8 0.75
8 46 0.52
46 8 0.37
8 47 0.52
47 8 0.63
10 18 0.62
18 10 0.55
11 13 0.75
13 11 0.7
17 13 0.73
13 17 0.7
19 13 0.37
13 19 0.7
21 13 0.65
13 21 0.7
27 13 0.62
13 27 0.7
35 13 0.37
13 35 0.7
13 46 0.7
46 13 0.37
25 14 0.28
14 25 0.87
17 46 0.73
46 17 0.37
25 18 0.28
18 25 0.55
18 35 0.55
35 18 0.37
18 39 0.55
39 18 0.75
19 21 0.37
21 19 0.65
25 19 0.28
19 25 0.37
27 19 0.62
19 27 0.37
35 19 0.37
19 35 0.37
40 19 0.32
19 40 0.37
41 19 0.55
19 41 0.37
25 21 0.28
21 25 0.65
27 21 0.62
21 27 0.65
43 21 0.75
21 43 0.65
25 23 0.28
23 25 0.62
34 23 0.5
23 34 0.62
35 23 0.37
23 35 0.62
47 23 0.63
23 47 0.62
25 27 0.28
27 25 0.62
25 28 0.28
28 25 0.53
25 34 0.28
34 25 0.5
25 43 0.28
43 25 0.75
25 45 0.28
45 25 0.5
25 46 0.28
46 25 0.37
26 35 0.57
35 26 0.37
35 27 0.37
27 35 0.62
41 27 0.55
27 41 0.62
35 28 0.37
28 35 0.53
34 35 0.5
35 34 0.37
35 38 0.37
38 35 0.63
42 35 0.5
35 42 0.37
43 35 0.75
35 43 0.37
35 44 0.37
44 35 0.45
35 45 0.37
45 35 0.5
35 46 0.37
46 35 0.37
48 35 0.48
35 48 0.37
38 47 0.63
47 38 0.63
44 39 0.45
39 44 0.75
41 46 0.55
46 41 0.37
42 43 0.5
43 42 0.75
43 46 0.75
46 43 0.37
46 47 0.37
47 46 0.63
