40  104
2 3 0.58
3 2 0.65
2 10 0.58
10 2 0.83
2 14 0.58
14 2 0.15
2 22 0.58
22 2 0.93
2 23 0.58
23 2 0.6
3 6 0.65
6 3 0.47
11 3 0.45
3 11 0.65
3 14 0.65
14 3 0.15
3 23 0.65
23 3 0.6
24 3 0.93
3 24 0.65
3 29 0.65
29 3 0.58
3 30 0.65
30 3 0.28
32 3 0.35
3 32 0.65
33 3 0.72
3 33 0.65
4 14 0.73
14 4 0.15
4 23 0.73
23 4 0.6
6 14 0.47
14 6 0.15
6 23 0.47
23 6 0.6
10 13 0.83
13 10 0.73
10 22 0.83
22 10 0.93
10 23 0.83
23 10 0.6
10 28 0.83
28 10 0.4
11 14 0.45
14 11 0.15
11 23 0.45
23 11 0.6
12 21 0.42
21 12 0.55
12 22 0.42
22 12 0.93
32 12 0.35
12 32 0.42
33 12 0.72
12 33 0.42
17 14 0.38
14 17 0.15
14 22 0.15
22 14 0.93
14 23 0.15
23 14 0.6
24 14 0.93
14 24 0.15
28 14 0.4
14 28 0.15
29 14 0.58
14 29 0.15
14 30 0.15
30 14 0.28
32 14 0.35
14 32 0.15
33 14 0.72
14 33 0.15
34 14 0.67
14 34 0.15
28 15 0.4
15 28 0.42
16 29 0.3
29 16 0.58
16 32 0.3
32 16 0.35
17 23 0.38
23 17 0.6
17 33 0.38
33 17 0.72
19 29 0.57
29 19 0.58
32 19 0.35
19 32 0.57
21 23 0.55
23 21 0.6
22 23 0.93
23 22 0.6
24 23 0.93
23 24 0.6
29 23 0.58
23 29 0.6
30 23 0.28
23 30 0.6
32 23 0.35
23 32 0.6
33 23 0.72
23 33 0.6
