50  164
1 5 0.75
5 1 0.27
1 34 0.75
34 1 0.52
1 42 0.75
42 1 0.77
2 46 0.23
46 2 0.23
4 36 0.72
36 4 0.4
4 47 0.72
47 4 0.72
5 7 0.27
7 5 0.58
10 5 0.87
5 10 0.27
12 5 0.75
5 12 0.27
5 14 0.27
14 5 0.72
16 5 0.52
5 16 0.27
17 5 0.62
5 17 0.27
20 5 0.6
5 20 0.27
5 22 0.27
22 5 0.67
28 5 0.9
5 28 0.27
29 5 0.23
5 29 0.27
5 30 0.27
30 5 0.7
32 5 0.33
5 32 0.27
34 5 0.52
5 34 0.27
35 5 0.48
5 35 0.27
36 5 0.4
5 36 0.27
5 39 0.27
39 5 0.83
40 5 0.42
5 40 0.27
44 5 0.53
5 44 0.27
45 5 0.82
5 45 0.27
5 46 0.27
46 5 0.23
48 5 0.52
5 48 0.27
50 5 0.85
5 50 0.27
34 7 0.52
7 34 0.58
8 47 0.28
47 8 0.72
10 34 0.87
34 10 0.52
10 47 0.87
47 10 0.72
11 29 0.97
29 11 0.23
11 36 0.97
36 11 0.4
11 46 0.97
46 11 0.23
32 13 0.33
13 32 0.25
36 13 0.4
13 36 0.25
34 14 0.52
14 34 0.72
16 34 0.52
34 16 0.52
16 47 0.52
47 16 0.72
20 22 0.6
22 20 0.67
32 20 0.33
20 32 0.6
34 20 0.52
20 34 0.6
20 36 0.6
36 20 0.4
20 39 0.6
39 20 0.83
20 44 0.6
44 20 0.53
20 46 0.6
46 20 0.23
20 47 0.6
47 20 0.72
32 21 0.33
21 32 0.52
21 46 0.52
46 21 0.23
32 22 0.33
22 32 0.67
34 22 0.52
22 34 0.67
22 39 0.67
39 22 0.83
44 22 0.53
22 44 0.67
46 22 0.23
22 46 0.67
34 28 0.52
28 34 0.9
41 29 0.28
29 41 0.23
34 30 0.52
30 34 0.7
30 47 0.7
47 30 0.72
32 34 0.33
34 32 0.52
32 39 0.33
39 32 0.83
32 41 0.33
41 32 0.28
32 46 0.33
46 32 0.23
32 47 0.33
47 32 0.72
32 49 0.33
49 32 0.48
34 35 0.52
35 34 0.48
34 36 0.52
36 34 0.4
34 44 0.52
44 34 0.53
34 46 0.52
46 34 0.23
34 47 0.52
47 34 0.72
41 36 0.28
36 41 0.4
49 36 0.48
36 49 0.4
37 47 0.45
47 37 0.72
44 39 0.53
39 44 0.83
46 39 0.23
39 46 0.83
41 46 0.28
46 41 0.23
41 47 0.28
47 41 0.72
44 46 0.53
46 44 0.23
45 47 0.82
47 45 0.72
49 46 0.48
46 49 0.23
48 47 0.52
47 48 0.72
50 47 0.85
47 50 0.72
