40  66
1 17 0.55
17 1 0.68
32 1 0.58
1 32 0.55
8 2 0.65
2 8 0.73
17 2 0.68
2 17 0.73
32 2 0.58
2 32 0.73
2 38 0.73
38 2 0.48
18 6 0.55
6 18 0.6
18 7 0.55
7 18 0.33
8 11 0.65
11 8 0.38
8 17 0.65
17 8 0.68
8 32 0.65
32 8 0.58
18 11 0.55
11 18 0.38
11 21 0.38
21 11 0.77
24 11 0.52
11 24 0.38
32 11 0.58
11 32 0.38
11 37 0.38
37 11 0.32
17 18 0.68
18 17 0.55
17 30 0.68
30 17 0.42
32 17 0.58
17 32 0.68
18 27 0.55
27 18 0.57
18 30 0.55
30 18 0.42
32 18 0.58
18 32 0.55
18 34 0.55
34 18 0.68
18 35 0.55
35 18 0.68
18 38 0.55
38 18 0.48
18 39 0.55
39 18 0.85
27 20 0.57
20 27 0.73
20 30 0.73
30 20 0.42
32 20 0.58
20 32 0.73
35 20 0.68
20 35 0.73
20 36 0.73
36 20 0.97
32 30 0.58
30 32 0.42
32 38 0.58
38 32 0.48
