50  110
16 1 0.58
1 16 0.52
1 46 0.52
46 1 0.37
8 3 0.5
3 8 0.47
3 47 0.47
47 3 0.68
50 6 0.23
6 50 0.48
9 18 0.98
18 9 0.38
9 27 0.98
27 9 0.65
9 29 0.98
29 9 0.73
32 9 0.38
9 32 0.98
9 38 0.98
38 9 0.45
9 42 0.98
42 9 0.77
9 43 0.98
43 9 0.13
9 47 0.98
47 9 0.68
9 49 0.98
49 9 0.68
10 47 0.2
47 10 0.68
12 47 0.72
47 12 0.68
27 13 0.65
13 27 0.55
13 38 0.55
38 13 0.45
16 46 0.58
46 16 0.37
16 47 0.58
47 16 0.68
32 18 0.38
18 32 0.38
33 18 0.88
18 33 0.38
18 38 0.38
38 18 0.45
19 23 0.72
23 19 0.5
27 29 0.65
29 27 0.73
32 27 0.38
27 32 0.65
27 38 0.65
38 27 0.45
42 27 0.77
27 42 0.65
43 27 0.13
27 43 0.65
27 47 0.65
47 27 0.68
49 27 0.68
27 49 0.65
32 29 0.38
29 32 0.73
29 38 0.73
38 29 0.45
42 29 0.77
29 42 0.73
43 29 0.13
29 43 0.73
29 47 0.73
47 29 0.68
49 29 0.68
29 49 0.73
43 30 0.13
30 43 0.47
32 38 0.38
38 32 0.45
32 42 0.38
42 32 0.77
32 43 0.38
43 32 0.13
32 47 0.38
47 32 0.68
33 38 0.88
38 33 0.45
33 47 0.88
47 33 0.68
37 38 0.25
38 37 0.45
42 38 0.77
38 42 0.45
43 38 0.13
38 43 0.45
41 47 0.98
47 41 0.68
42 43 0.77
43 42 0.13
42 47 0.77
47 42 0.68
49 42 0.68
42 49 0.77
43 47 0.13
47 43 0.68
49 43 0.68
43 49 0.13
46 47 0.37
47 46 0.68
48 47 0.77
47 48 0.68
