30  80
1 6 0.23
6 1 0.42
1 7 0.23
7 1 0.57
8 1 0.2
1 8 0.23
1 15 0.23
15 1 0.47
1 23 0.23
23 1 0.32
24 1 0.6
1 24 0.23
4 23 0.6
23 4 0.32
24 4 0.6
4 24 0.6
25 4 0.82
4 25 0.6
26 4 0.65
4 26 0.6
24 6 0.6
6 24 0.42
14 7 0.47
7 14 0.57
24 7 0.6
7 24 0.57
29 7 0.8
7 29 0.57
8 23 0.2
23 8 0.32
8 24 0.2
24 8 0.6
10 23 0.62
23 10 0.32
24 10 0.6
10 24 0.62
12 15 0.53
15 12 0.47
12 23 0.53
23 12 0.32
24 12 0.6
12 24 0.53
24 13 0.6
13 24 0.3
26 13 0.65
13 26 0.3
24 14 0.6
14 24 0.47
21 15 0.73
15 21 0.47
24 15 0.6
15 24 0.47
26 15 0.65
15 26 0.47
16 23 0.58
23 16 0.32
16 24 0.58
24 16 0.6
24 20 0.6
20 24 0.63
21 23 0.73
23 21 0.32
24 21 0.6
21 24 0.73
22 23 0.62
23 22 0.32
24 22 0.6
22 24 0.62
24 23 0.6
23 24 0.32
26 23 0.65
23 26 0.32
24 25 0.6
25 24 0.82
24 26 0.6
26 24 0.65
24 29 0.6
29 24 0.8
25 26 0.82
26 25 0.65
