30  102
2 23 0.18
23 2 0.65
25 2 0.25
2 25 0.18
2 28 0.18
28 2 0.5
3 23 0.68
23 3 0.65
9 6 0.27
6 9 0.53
16 6 0.53
6 16 0.53
6 23 0.53
23 6 0.65
28 6 0.5
6 28 0.53
9 13 0.27
13 9 0.65
12 28 0.32
28 12 0.5
13 15 0.65
15 13 0.6
13 23 0.65
23 13 0.65
27 13 0.58
13 27 0.65
28 13 0.5
13 28 0.65
20 14 0.57
14 20 0.65
14 23 0.65
23 14 0.65
26 14 0.72
14 26 0.65
16 15 0.53
15 16 0.6
17 15 0.92
15 17 0.6
22 15 0.5
15 22 0.6
30 15 0.78
15 30 0.6
16 17 0.53
17 16 0.92
16 27 0.53
27 16 0.58
16 30 0.53
30 16 0.78
17 20 0.92
20 17 0.57
17 26 0.92
26 17 0.72
17 28 0.92
28 17 0.5
19 23 0.62
23 19 0.65
25 19 0.25
19 25 0.62
19 28 0.62
28 19 0.5
19 29 0.62
29 19 0.32
20 21 0.57
21 20 0.43
20 23 0.57
23 20 0.65
26 20 0.72
20 26 0.57
27 20 0.58
20 27 0.57
20 28 0.57
28 20 0.5
21 23 0.43
23 21 0.65
26 21 0.72
21 26 0.43
28 21 0.5
21 28 0.43
22 23 0.5
23 22 0.65
28 22 0.5
22 28 0.5
29 22 0.32
22 29 0.5
26 23 0.72
23 26 0.65
28 23 0.5
23 28 0.65
29 23 0.32
23 29 0.65
30 23 0.78
23 30 0.65
26 27 0.72
27 26 0.58
26 28 0.72
28 26 0.5
27 28 0.58
28 27 0.5
27 30 0.58
30 27 0.78
28 30 0.5
30 28 0.78
