30  62
1 3 0.57
3 1 0.5
1 5 0.57
5 1 0.35
1 6 0.57
6 1 0.98
1 11 0.57
11 1 0.82
16 1 0.8
1 16 0.57
1 18 0.57
18 1 0.33
1 21 0.57
21 1 0.68
1 22 0.57
22 1 0.47
1 23 0.57
23 1 0.15
1 27 0.57
27 1 0.67
26 3 0.4
3 26 0.5
4 23 0.75
23 4 0.15
25 5 0.45
5 25 0.35
27 5 0.67
5 27 0.35
26 6 0.4
6 26 0.98
10 13 0.32
13 10 0.67
11 22 0.82
22 11 0.47
11 23 0.82
23 11 0.15
26 11 0.4
11 26 0.82
12 22 0.47
22 12 0.47
26 14 0.4
14 26 0.45
16 26 0.8
26 16 0.4
18 23 0.33
23 18 0.15
18 26 0.33
26 18 0.4
26 21 0.4
21 26 0.68
22 23 0.47
23 22 0.15
26 22 0.4
22 26 0.47
26 23 0.4
23 26 0.15
27 23 0.67
23 27 0.15
25 26 0.45
26 25 0.4
26 27 0.4
27 26 0.67
