50  106
5 7 0.45
7 5 0.23
6 7 0.37
7 6 0.23
8 7 0.48
7 8 0.23
11 7 0.7
7 11 0.23
12 7 0.63
7 12 0.23
17 7 0.32
7 17 0.23
21 7 0.52
7 21 0.23
23 7 0.83
7 23 0.23
27 7 0.3
7 27 0.23
34 7 0.77
7 34 0.23
37 7 0.53
7 37 0.23
39 7 0.47
7 39 0.23
42 7 0.18
7 42 0.23
46 7 0.63
7 46 0.23
49 7 0.35
7 49 0.23
10 18 0.93
18 10 0.43
10 29 0.93
29 10 0.32
32 10 0.83
10 32 0.93
10 37 0.93
37 10 0.53
10 39 0.93
39 10 0.47
10 47 0.93
47 10 0.6
12 21 0.63
21 12 0.52
12 23 0.63
23 12 0.83
42 12 0.18
12 42 0.63
49 12 0.35
12 49 0.63
41 14 0.27
14 41 0.9
18 29 0.43
29 18 0.32
18 30 0.43
30 18 0.5
32 18 0.83
18 32 0.43
18 37 0.43
37 18 0.53
18 39 0.43
39 18 0.47
18 47 0.43
47 18 0.6
42 21 0.18
21 42 0.52
49 21 0.35
21 49 0.52
42 23 0.18
23 42 0.83
49 23 0.35
23 49 0.83
29 39 0.32
39 29 0.47
29 47 0.32
47 29 0.6
48 29 0.48
29 48 0.32
32 30 0.83
30 32 0.5
30 39 0.5
39 30 0.47
46 30 0.63
30 46 0.5
48 30 0.48
30 48 0.5
32 37 0.83
37 32 0.53
32 39 0.83
39 32 0.47
32 46 0.83
46 32 0.63
32 47 0.83
47 32 0.6
32 48 0.83
48 32 0.48
37 39 0.53
39 37 0.47
37 47 0.53
47 37 0.6
47 39 0.6
39 47 0.47
49 42 0.35
42 49 0.18
46 47 0.63
47 46 0.6
