50  94
1 29 0.32
29 1 0.65
11 5 0.45
5 11 0.67
17 7 0.13
7 17 0.33
19 7 0.65
7 19 0.33
20 7 0.35
7 20 0.33
33 7 0.75
7 33 0.33
44 7 0.35
7 44 0.33
46 7 0.38
7 46 0.33
9 19 0.63
19 9 0.65
19 11 0.65
11 19 0.45
11 28 0.45
28 11 0.57
19 15 0.65
15 19 0.32
16 19 0.82
19 16 0.65
16 26 0.82
26 16 0.55
16 29 0.82
29 16 0.65
17 19 0.13
19 17 0.65
17 20 0.13
20 17 0.35
17 33 0.13
33 17 0.75
17 44 0.13
44 17 0.35
17 45 0.13
45 17 0.4
17 46 0.13
46 17 0.38
19 20 0.65
20 19 0.35
19 23 0.65
23 19 0.75
26 19 0.55
19 26 0.65
19 29 0.65
29 19 0.65
19 31 0.65
31 19 0.58
32 19 0.77
19 32 0.65
41 19 0.35
19 41 0.65
19 44 0.65
44 19 0.35
19 45 0.65
45 19 0.4
19 47 0.65
47 19 0.63
48 19 0.58
19 48 0.65
49 19 0.8
19 49 0.65
20 44 0.35
44 20 0.35
20 45 0.35
45 20 0.4
20 46 0.35
46 20 0.38
29 22 0.65
22 29 0.82
28 23 0.57
23 28 0.75
24 44 0.47
44 24 0.35
26 29 0.55
29 26 0.65
26 38 0.55
38 26 0.3
28 36 0.57
36 28 0.35
28 44 0.57
44 28 0.35
49 28 0.8
28 49 0.57
40 44 0.53
44 40 0.35
44 45 0.35
45 44 0.4
44 46 0.35
46 44 0.38
